[[137 138 139 ... 143 143 142]
 [138 139 139 ... 143 143 144]
 [140 139 139 ... 144 144 145]
 ...
 [  2   2   3 ... 145 148 154]
 [  2   2   3 ... 118 123 127]
 [  2   2   2 ... 117 116 115]][[139 138 137 ... 139 140 140]
 [139 137 137 ... 142 140 140]
 [140 139 139 ... 143 142 142]
 ...
 [  3   3   3 ... 147 151 155]
 [  3   3   2 ... 108 111 116]
 [  2   2   2 ... 111 110 112]][[137 137 137 ... 140 140 140]
 [139 138 137 ... 142 140 142]
 [140 139 137 ... 142 142 143]
 ...
 [  2   2   2 ... 147 145 148]
 [  2   2   2 ... 118 119 117]
 [  2   2   2 ... 117 116 116]][[139 140 140 ... 143 142 142]
 [139 139 140 ... 143 143 144]
 [140 140 139 ... 144 144 144]
 ...
 [  2   2   2 ... 144 150 150]
 [  2   2   1 ... 110 109 111]
 [  3   3   1 ... 122 116 116]][[137 139 138 ... 142 142 139]
 [139 139 139 ... 144 143 142]
 [139 140 140 ... 145 144 143]
 ...
 [  6   6   7 ... 152 151 158]
 [  4   5   7 ... 112 112 116]
 [  4   5   6 ... 114 112 115]][[139 139 137 ... 143 143 142]
 [139 140 138 ... 142 142 141]
 [139 140 140 ... 144 143 143]
 ...
 [ 23  27  27 ... 147 152 158]
 [ 24  26  27 ... 115 114 123]
 [ 24  25  25 ... 111 110 111]][[137 137 139 ... 140 142 142]
 [139 138 139 ... 142 140 142]
 [142 140 140 ... 144 142 141]
 ...
 [ 24  24  25 ... 143 146 154]
 [ 23  22  22 ... 118 118 119]
 [ 20  20  20 ... 117 116 116]][[136 135 135 ... 140 140 142]
 [137 137 137 ... 141 141 141]
 [139 139 139 ... 142 143 143]
 ...
 [ 37  39  44 ... 142 148 151]
 [ 36  39  44 ... 114 111 115]
 [ 32  37  44 ... 115 113 115]][[135 135 135 ... 142 140 140]
 [136 135 136 ... 142 140 140]
 [140 139 139 ... 143 142 142]
 ...
 [165 176 179 ... 147 150 152]
 [165 176 178 ... 116 117 121]
 [166 176 178 ... 116 116 116]][[136 138 138 ... 142 143 143]
 [137 138 137 ... 143 143 143]
 [138 136 137 ... 144 144 143]
 ...
 [181 181 182 ... 153 158 159]
 [180 180 182 ... 115 121 126]
 [180 180 180 ... 110 109 108]][[137 137 136 ... 142 140 143]
 [137 137 137 ... 143 143 144]
 [137 138 139 ... 144 144 145]
 ...
 [183 183 183 ... 128 124 129]
 [183 183 183 ... 117 115 115]
 [180 180 180 ... 131 129 126]][[139 137 137 ... 143 143 142]
 [139 139 138 ... 143 142 142]
 [139 140 140 ... 143 143 142]
 ...
 [101 104 109 ... 129 137 142]
 [ 94 101 107 ... 114 115 118]
 [ 89  95 101 ... 122 119 119]][[136 137 137 ... 142 143 143]
 [137 138 138 ... 143 143 143]
 [139 140 140 ... 144 144 143]
 ...
 [ 88  87  86 ... 153 154 154]
 [ 88  87  88 ... 154 159 152]
 [ 89  89  90 ... 117 119 130]][[135 135 135 ... 140 140 139]
 [135 135 136 ... 142 140 142]
 [136 135 136 ... 143 143 143]
 ...
 [ 64  63  62 ... 151 153 154]
 [ 64  61  59 ... 129 132 135]
 [ 63  60  57 ... 113 116 117]][[137 137 136 ... 140 142 142]
 [139 139 137 ... 142 142 142]
 [139 139 139 ... 144 144 144]
 ...
 [ 75  76  76 ... 112 111 110]
 [ 74  74  75 ... 118 119 119]
 [ 72  73  74 ... 140 137 138]][[135 135 134 ... 142 142 143]
 [135 135 137 ... 142 142 142]
 [138 138 139 ... 143 143 143]
 ...
 [ 83  83  82 ... 131 133 137]
 [ 81  82  81 ... 116 116 116]
 [ 77  80  81 ... 123 121 121]][[135 135 136 ... 143 143 142]
 [136 136 137 ... 143 143 143]
 [137 138 139 ... 143 144 143]
 ...
 [129 132 137 ... 152 153 154]
 [124 129 130 ... 144 148 151]
 [123 125 126 ... 118 119 121]][[136 135 133 ... 138 140 142]
 [137 137 136 ... 140 142 142]
 [139 137 137 ... 142 142 142]
 ...
 [183 183 183 ... 151 151 153]
 [182 182 182 ... 128 131 136]
 [180 180 181 ... 112 111 107]][[137 137 137 ... 140 142 140]
 [137 137 137 ... 142 140 140]
 [135 137 139 ... 143 142 142]
 ...
 [183 183 181 ... 128 129 130]
 [180 180 180 ... 115 115 114]
 [179 179 179 ... 122 122 124]][[133 135 133 ... 142 140 138]
 [132 134 134 ... 142 140 139]
 [136 136 135 ... 144 143 143]
 ...
 [180 180 180 ... 138 141 143]
 [179 179 179 ... 114 116 118]
 [178 178 179 ... 118 116 116]][[137 138 136 ... 140 139 139]
 [137 137 136 ... 141 141 141]
 [137 137 137 ... 144 144 143]
 ...
 [181 181 181 ... 156 157 157]
 [180 180 180 ... 121 126 128]
 [180 179 179 ... 111 109 107]][[132 133 133 ... 137 138 142]
 [134 132 133 ... 139 139 139]
 [136 136 135 ... 142 142 140]
 ...
 [181 180 179 ... 135 139 146]
 [179 179 179 ... 110 109 107]
 [179 178 178 ... 113 110 105]][[135 135 133 ... 138 142 142]
 [135 135 135 ... 140 140 142]
 [135 135 136 ... 143 142 140]
 ...
 [181 180 180 ... 144 145 150]
 [180 180 180 ... 115 109 111]
 [178 178 179 ... 112 109 109]][[132 132 132 ... 138 140 140]
 [134 134 133 ... 140 142 142]
 [135 135 135 ... 142 142 142]
 ...
 [180 180 180 ... 148 151 152]
 [179 179 178 ... 130 137 144]
 [178 178 178 ... 111 109 110]][[132 132 131 ... 138 139 139]
 [133 133 132 ... 140 140 140]
 [135 135 135 ... 140 140 140]
 ...
 [179 179 180 ... 140 142 145]
 [179 179 179 ... 115 111 112]
 [179 179 178 ... 110 108 110]][[130 130 131 ... 136 136 137]
 [132 131 131 ... 138 138 138]
 [136 135 133 ... 140 140 139]
 ...
 [178 178 178 ... 117 118 121]
 [176 175 176 ... 113 111 112]
 [175 175 175 ... 131 128 126]][[131 130 131 ... 139 139 139]
 [132 132 132 ... 139 139 139]
 [132 132 132 ... 140 140 140]
 ...
 [179 179 178 ... 144 147 148]
 [179 178 178 ... 116 118 123]
 [178 178 176 ... 110 112 110]][[132 133 132 ... 136 136 136]
 [132 133 132 ... 137 138 138]
 [131 131 131 ... 138 140 140]
 ...
 [178 178 178 ... 150 150 150]
 [178 178 178 ... 139 141 140]
 [176 176 176 ... 110 112 117]][[130 130 130 ... 137 137 136]
 [130 130 131 ... 138 138 137]
 [131 133 135 ... 139 139 138]
 ...
 [176 178 178 ... 135 142 147]
 [175 176 176 ... 111 112 115]
 [175 175 175 ... 107 102 103]][[129 128 130 ... 136 136 135]
 [131 131 131 ... 137 137 136]
 [134 132 131 ... 139 139 139]
 ...
 [176 176 176 ... 111 117 123]
 [175 175 175 ... 108 109 109]
 [174 174 175 ... 124 123 123]][[130 130 130 ... 133 132 132]
 [130 130 131 ... 135 135 135]
 [132 131 132 ... 137 136 137]
 ...
 [175 175 175 ...  81  77  75]
 [175 175 175 ...  77  75  73]
 [174 174 175 ...  77  75  73]][[131 131 130 ... 135 135 136]
 [131 131 130 ... 133 135 135]
 [131 130 130 ... 135 136 136]
 ...
 [175 175 175 ... 144 147 148]
 [175 174 174 ... 121 124 126]
 [173 173 173 ... 105 105 102]][[130 130 130 ... 133 132 132]
 [130 131 130 ... 136 135 133]
 [131 131 131 ... 137 137 136]
 ...
 [175 175 175 ... 137 144 145]
 [174 174 174 ... 110 113 118]
 [173 174 174 ... 108 107 107]][[128 126 126 ... 135 135 135]
 [129 129 128 ... 136 136 136]
 [131 130 130 ... 136 137 138]
 ...
 [174 174 173 ... 133 135 138]
 [174 174 174 ... 107 109 110]
 [173 174 173 ... 107 108 109]][[126 126 128 ... 132 131 131]
 [126 126 126 ... 132 132 133]
 [130 128 128 ... 133 134 135]
 ...
 [174 174 174 ... 138 139 146]
 [173 174 173 ... 105 104 110]
 [172 173 173 ... 103 102 103]][[130 128 125 ... 133 133 133]
 [130 129 126 ... 135 135 135]
 [131 131 128 ... 135 136 136]
 ...
 [174 174 174 ... 130 136 137]
 [173 173 173 ... 108 111 114]
 [173 173 173 ... 108 108 108]][[126 126 126 ... 131 131 131]
 [128 126 128 ... 132 132 132]
 [128 128 128 ... 133 132 133]
 ...
 [173 173 171 ... 134 135 139]
 [173 173 171 ... 105 104 106]
 [172 171 171 ... 105 101 100]][[123 123 123 ... 131 131 131]
 [123 123 124 ... 131 131 133]
 [124 124 125 ... 132 132 135]
 ...
 [172 172 172 ... 142 143 143]
 [171 171 171 ... 114 119 122]
 [171 171 171 ... 104 105 105]][[126 126 126 ... 130 130 132]
 [128 128 126 ... 132 132 132]
 [130 128 128 ... 133 133 133]
 ...
 [173 173 173 ... 137 140 145]
 [171 173 173 ... 111 111 114]
 [171 171 171 ... 105 102 103]][[125 124 123 ... 131 131 130]
 [125 125 125 ... 132 131 130]
 [125 125 125 ... 133 133 132]
 ...
 [172 173 173 ... 118 123 126]
 [173 173 171 ... 103 101 103]
 [169 169 168 ... 110 108 108]][[123 125 125 ... 131 131 131]
 [124 125 126 ... 131 130 130]
 [125 126 128 ... 131 131 131]
 ...
 [171 171 171 ... 119 123 130]
 [168 169 169 ... 102 102 104]
 [168 169 171 ... 108 104 105]][[126 125 122 ... 129 132 132]
 [128 126 123 ... 131 131 131]
 [129 127 126 ... 132 132 131]
 ...
 [171 171 171 ... 143 142 143]
 [171 169 169 ... 117 119 122]
 [169 169 169 ... 101 102 101]][[124 125 125 ... 131 130 131]
 [124 125 124 ... 132 132 131]
 [126 126 125 ... 133 133 132]
 ...
 [172 171 169 ... 142 142 143]
 [171 169 169 ... 118 122 127]
 [169 169 169 ... 100 100 100]][[124 123 123 ... 131 130 128]
 [124 124 124 ... 131 131 131]
 [126 126 126 ... 131 131 132]
 ...
 [171 171 171 ... 121 124 131]
 [171 169 169 ... 105 107 107]
 [169 169 169 ... 110 108 105]][[126 125 124 ... 130 130 129]
 [126 125 124 ... 131 130 129]
 [126 126 126 ... 132 131 130]
 ...
 [171 172 172 ... 121 130 132]
 [171 172 171 ... 101 101  95]
 [169 169 169 ... 107 102 101]][[125 124 123 ... 129 128 129]
 [125 125 124 ... 130 131 131]
 [126 126 126 ... 133 133 132]
 ...
 [171 171 169 ... 131 137 139]
 [169 169 169 ... 108 108 109]
 [168 168 168 ... 101 101 101]][[124 124 124 ... 129 130 130]
 [125 125 125 ... 131 131 130]
 [128 126 125 ... 131 131 131]
 ...
 [169 169 171 ... 143 143 142]
 [169 169 169 ... 110 117 122]
 [168 168 168 ... 101 103 105]][[124 124 123 ... 131 131 131]
 [125 125 124 ... 130 131 131]
 [128 126 125 ... 131 131 131]
 ...
 [171 169 169 ... 136 145 150]
 [169 169 168 ... 108 109 112]
 [168 169 169 ... 101  98  96]][[124 123 123 ... 132 132 132]
 [123 123 123 ... 133 133 132]
 [125 125 124 ... 135 135 132]
 ...
 [168 168 169 ... 118 126 133]
 [168 168 169 ... 101 104 107]
 [168 168 168 ... 102  99 104]][[125 124 124 ... 128 131 131]
 [125 125 125 ... 129 130 131]
 [128 126 126 ... 131 130 130]
 ...
 [169 169 169 ... 125 123 128]
 [169 169 169 ... 101 101 103]
 [169 169 168 ... 107 105 103]][[124 124 123 ... 131 132 133]
 [126 126 124 ... 132 132 133]
 [126 128 126 ... 132 133 133]
 ...
 [171 169 168 ... 139 143 144]
 [171 169 168 ... 105 111 117]
 [168 169 168 ... 100 102 103]][[124 125 125 ... 131 131 131]
 [125 125 126 ... 131 131 131]
 [126 126 128 ... 132 132 131]
 ...
 [168 168 168 ... 143 142 144]
 [168 167 168 ... 117 118 122]
 [167 166 167 ... 101 101 100]][[124 125 125 ... 132 132 131]
 [125 125 125 ... 131 131 131]
 [125 126 125 ... 131 131 132]
 ...
 [169 168 168 ... 127 131 137]
 [169 168 168 ... 105 105 104]
 [168 168 168 ... 107 102 101]][[123 124 124 ... 132 131 131]
 [123 123 125 ... 132 131 131]
 [124 124 125 ... 132 132 132]
 ...
 [169 169 168 ... 116 121 128]
 [169 168 168 ... 104 104 105]
 [168 168 168 ... 108 107 107]][[123 123 124 ... 131 131 131]
 [125 125 124 ... 131 131 131]
 [126 128 128 ... 132 131 131]
 ...
 [169 169 168 ... 118 121 126]
 [169 168 167 ... 105 101  97]
 [168 168 166 ... 110 104 100]][[126 125 125 ... 131 129 130]
 [126 125 124 ... 131 131 131]
 [126 126 125 ... 132 132 133]
 ...
 [168 168 168 ... 105 104 103]
 [166 167 167 ... 121 120 119]
 [166 166 165 ... 138 136 137]][[124 124 125 ... 130 130 130]
 [126 126 126 ... 133 131 130]
 [128 129 128 ... 134 135 131]
 ...
 [169 169 168 ... 104 103 104]
 [168 168 167 ... 119 116 116]
 [167 167 166 ... 140 135 132]][[123 123 123 ... 130 130 130]
 [124 124 125 ... 130 131 132]
 [125 126 127 ... 131 132 133]
 ...
 [169 169 169 ... 123 126 129]
 [168 168 168 ... 104 105 107]
 [167 167 167 ... 106 104 104]][[125 124 123 ... 131 131 130]
 [125 125 125 ... 131 131 130]
 [127 125 124 ... 131 131 130]
 ...
 [168 168 169 ... 143 142 143]
 [167 168 168 ... 130 133 142]
 [167 167 167 ... 104 109 112]][[124 124 123 ... 132 131 130]
 [125 124 123 ... 131 131 131]
 [127 127 125 ... 132 132 132]
 ...
 [171 169 169 ... 139 138 142]
 [169 169 168 ... 116 119 122]
 [169 169 168 ... 102 103 101]][[125 125 125 ... 130 130 130]
 [125 125 124 ... 131 131 131]
 [126 125 125 ... 132 132 132]
 ...
 [168 169 169 ... 111 114 116]
 [167 169 169 ... 105 106 104]
 [167 168 168 ... 118 116 115]][[125 125 124 ... 131 131 130]
 [126 126 125 ... 132 132 131]
 [126 128 128 ... 133 133 132]
 ...
 [169 169 169 ... 103  96  97]
 [169 169 169 ... 130 131 129]
 [168 168 169 ... 144 143 144]][[124 125 124 ... 131 131 131]
 [124 125 124 ... 132 132 132]
 [125 126 125 ... 135 135 135]
 ...
 [169 169 169 ... 105 102  98]
 [168 168 168 ... 116 112 111]
 [167 167 167 ... 133 132 130]][[125 125 125 ... 131 131 130]
 [125 125 125 ... 131 131 130]
 [126 128 126 ... 132 131 131]
 ...
 [169 169 169 ... 126 129 131]
 [168 169 169 ... 102 103 105]
 [168 168 168 ... 104 104 104]][[126 126 126 ... 131 131 131]
 [126 126 126 ... 132 131 131]
 [126 126 128 ... 135 133 132]
 ...
 [169 169 169 ... 119 129 130]
 [168 169 169 ... 102 104 104]
 [168 169 169 ... 111 105 103]][[126 125 124 ... 131 131 131]
 [126 126 126 ... 131 131 131]
 [125 127 127 ... 132 132 132]
 ...
 [169 169 168 ... 105 105 107]
 [168 168 168 ... 125 125 124]
 [168 167 167 ... 140 138 138]][[125 125 124 ... 131 131 131]
 [125 125 125 ... 131 132 132]
 [128 128 126 ... 133 135 135]
 ...
 [168 169 169 ... 125 122 116]
 [168 169 168 ... 142 140 140]
 [168 168 168 ... 146 145 144]][[128 126 125 ... 131 131 131]
 [128 126 125 ... 132 132 131]
 [130 128 128 ... 133 133 132]
 ...
 [169 171 169 ... 104 107 108]
 [168 168 168 ... 118 117 116]
 [167 167 167 ... 134 132 132]][[123 123 123 ... 131 130 129]
 [124 124 124 ... 132 132 131]
 [126 126 126 ... 133 133 133]
 ...
 [169 169 168 ... 135 135 138]
 [169 169 169 ... 113 112 113]
 [167 169 169 ... 104 101 100]][[125 125 125 ... 132 132 132]
 [126 126 125 ... 132 132 132]
 [129 129 127 ... 132 132 132]
 ...
 [169 169 169 ... 138 139 140]
 [168 168 168 ... 109 115 118]
 [168 167 167 ... 102 101  98]][[125 125 126 ... 130 130 131]
 [125 125 126 ... 131 131 132]
 [127 127 127 ... 132 132 133]
 ...
 [169 169 169 ... 100 104 106]
 [168 169 169 ... 109 111 109]
 [168 168 168 ... 138 135 130]][[124 124 125 ... 130 131 132]
 [125 125 126 ... 131 132 133]
 [129 127 128 ... 133 133 133]
 ...
 [169 169 169 ... 110 108 105]
 [169 168 168 ... 131 129 130]
 [168 168 168 ... 143 143 142]][[125 124 123 ... 131 130 130]
 [126 126 125 ... 132 131 131]
 [128 126 126 ... 133 133 133]
 ...
 [171 169 169 ... 108 107 104]
 [169 169 168 ... 113 109 108]
 [168 168 168 ... 132 130 124]][[124 124 124 ... 132 132 132]
 [126 128 125 ... 132 132 132]
 [128 130 130 ... 133 133 133]
 ...
 [171 169 169 ... 127 131 138]
 [168 168 168 ... 105 105 103]
 [168 168 168 ... 104 102 101]][[128 126 125 ... 131 132 133]
 [128 129 126 ... 132 132 132]
 [128 130 130 ... 133 133 132]
 ...
 [171 171 169 ... 126 128 130]
 [168 168 168 ... 103 105 107]
 [168 168 168 ... 103 101 100]][[125 125 124 ... 130 130 131]
 [126 125 125 ... 131 131 131]
 [128 128 126 ... 133 133 133]
 ...
 [169 169 169 ... 109 117 121]
 [169 168 168 ... 102 107 103]
 [169 169 168 ... 114 112 111]][[125 124 124 ... 130 129 131]
 [125 126 124 ... 131 131 131]
 [125 127 128 ... 133 132 132]
 ...
 [168 168 168 ... 116 119 123]
 [169 169 168 ... 101 101 102]
 [169 168 168 ... 109 108 108]][[125 124 124 ... 131 129 128]
 [127 125 125 ... 130 131 131]
 [127 127 127 ... 132 133 132]
 ...
 [171 169 169 ... 135 140 145]
 [169 168 168 ... 110 109 110]
 [168 168 167 ... 104 100  98]][[126 125 123 ... 129 130 130]
 [128 128 125 ... 131 131 131]
 [127 129 131 ... 131 132 132]
 ...
 [169 168 168 ... 140 142 142]
 [168 169 169 ... 109 115 118]
 [169 171 171 ... 101  98  97]][[128 126 126 ... 132 132 132]
 [128 128 128 ... 133 133 133]
 [128 129 128 ... 135 135 135]
 ...
 [171 169 169 ... 120 124 129]
 [171 169 169 ... 102 102 103]
 [169 169 168 ... 108 104 104]][[126 125 125 ... 130 130 130]
 [125 125 126 ... 130 130 130]
 [127 127 128 ... 131 131 131]
 ...
 [171 169 169 ... 111 109 111]
 [169 169 168 ... 108 109 109]
 [168 168 168 ... 130 125 122]][[125 125 125 ... 130 130 131]
 [126 126 126 ... 131 131 131]
 [128 128 128 ... 132 132 132]
 ...
 [169 169 169 ... 104 109 112]
 [169 168 168 ... 108 104 104]
 [169 168 168 ... 128 125 124]][[126 126 128 ... 130 131 131]
 [126 126 127 ... 131 131 131]
 [128 128 128 ... 132 132 132]
 ...
 [171 171 169 ... 117 118 121]
 [169 169 169 ... 103 102 102]
 [169 169 168 ... 111 108 108]][[130 129 128 ... 131 131 132]
 [130 129 125 ... 133 132 131]
 [128 130 127 ... 133 133 133]
 ...
 [172 172 172 ... 117 121 124]
 [169 171 171 ... 105 103 103]
 [169 169 169 ... 114 111 109]][[126 124 123 ... 132 133 131]
 [126 125 125 ... 132 132 131]
 [128 128 128 ... 132 132 132]
 ...
 [171 171 171 ... 104 104 107]
 [169 169 169 ... 109 108 109]
 [169 169 169 ... 129 129 125]][[126 126 126 ... 131 131 130]
 [126 126 126 ... 131 131 130]
 [128 128 128 ... 132 132 132]
 ...
 [171 171 169 ... 104 102 100]
 [169 168 169 ... 123 119 117]
 [168 168 168 ... 138 135 135]][[128 128 127 ... 130 129 130]
 [129 128 127 ... 131 130 131]
 [131 130 129 ... 132 133 133]
 ...
 [171 169 169 ... 108 105 107]
 [169 169 169 ... 110 108 107]
 [168 168 168 ... 132 130 128]][[125 125 126 ... 131 131 131]
 [126 126 125 ... 132 131 131]
 [128 128 128 ... 132 132 132]
 ...
 [173 171 171 ... 121 128 129]
 [171 171 171 ... 103 101 102]
 [169 169 171 ... 111 103 101]][[130 129 126 ... 131 131 131]
 [129 128 128 ... 133 132 131]
 [128 128 128 ... 133 133 133]
 ...
 [171 171 171 ... 111 115 119]
 [169 171 171 ... 101 100 100]
 [169 169 171 ... 112 111 110]][[125 126 126 ... 132 132 130]
 [126 126 128 ... 132 132 132]
 [128 128 130 ... 133 133 135]
 ...
 [169 169 169 ... 104 102  98]
 [169 169 169 ... 120 118 116]
 [169 168 168 ... 137 138 136]][[124 125 125 ... 132 133 132]
 [125 127 128 ... 133 133 133]
 [130 130 130 ... 135 135 133]
 ...
 [169 168 168 ... 107 108 106]
 [169 168 168 ... 126 126 126]
 [168 168 168 ... 143 143 140]][[126 126 125 ... 132 132 131]
 [126 126 129 ... 133 133 132]
 [128 130 130 ... 133 135 135]
 ...
 [171 169 169 ...  98  98 101]
 [169 169 169 ... 110 109 107]
 [168 168 168 ... 135 137 137]][[125 126 126 ... 132 131 133]
 [126 126 128 ... 132 132 132]
 [128 129 130 ... 133 132 132]
 ...
 [171 169 169 ... 111 112 112]
 [171 171 171 ... 102 102 101]
 [171 169 169 ... 119 110 108]][[128 130 127 ... 130 131 130]
 [130 130 129 ... 131 132 131]
 [130 130 130 ... 133 133 133]
 ...
 [173 171 171 ... 110 111 114]
 [171 169 169 ... 106 105 107]
 [169 169 169 ... 118 116 114]][[126 128 128 ... 130 130 131]
 [127 127 128 ... 131 131 131]
 [130 130 130 ... 133 133 132]
 ...
 [168 168 168 ...  98 101 103]
 [168 168 168 ... 117 116 114]
 [167 167 168 ... 136 136 134]][[126 125 125 ... 133 133 132]
 [129 128 126 ... 132 132 132]
 [131 130 130 ... 132 132 132]
 ...
 [171 171 171 ... 107 102  96]
 [171 171 171 ... 120 118 117]
 [171 171 169 ... 137 135 133]][[125 125 126 ... 131 131 131]
 [126 126 126 ... 131 131 131]
 [131 130 128 ... 131 131 132]
 ...
 [169 169 168 ... 107 108 111]
 [169 168 169 ... 107 105 107]
 [171 171 171 ... 126 122 119]][[128 128 126 ... 131 131 132]
 [128 129 129 ... 131 132 132]
 [129 130 130 ... 133 132 131]
 ...
 [171 171 171 ... 122 124 128]
 [169 169 169 ... 101 103 105]
 [169 169 169 ... 105 105 106]][[128 125 124 ... 130 131 132]
 [128 126 126 ... 132 132 133]
 [130 130 130 ... 133 133 135]
 ...
 [169 169 168 ... 124 128 130]
 [169 169 169 ... 104 103 100]
 [169 171 169 ... 107 103 101]][[126 128 128 ... 132 132 133]
 [129 129 128 ... 132 132 132]
 [130 130 128 ... 132 133 133]
 ...
 [171 171 171 ... 118 118 121]
 [171 169 169 ... 107 101  98]
 [168 168 168 ... 112 111 109]][[126 128 128 ... 131 131 132]
 [128 128 129 ... 132 132 132]
 [130 129 130 ... 132 132 133]
 ...
 [172 171 169 ... 117 117 123]
 [169 169 169 ... 102 100 100]
 [169 169 168 ... 115 108 105]][[130 129 125 ... 132 132 132]
 [130 130 127 ... 133 132 132]
 [130 131 130 ... 131 132 132]
 ...
 [169 169 171 ... 131 132 133]
 [168 169 169 ... 103 105 104]
 [168 169 169 ... 103 101 102]][[125 125 124 ... 130 131 132]
 [128 128 128 ... 130 131 131]
 [131 130 130 ... 133 133 132]
 ...
 [171 171 169 ... 130 136 138]
 [169 171 171 ... 103 103 107]
 [169 171 171 ... 100 100 101]][[126 128 128 ... 132 131 131]
 [128 128 128 ... 132 131 131]
 [130 130 128 ... 132 132 132]
 ...
 [171 171 171 ... 117 116 117]
 [171 169 169 ... 102 100 101]
 [171 169 169 ... 114 107 107]][[130 128 128 ... 131 127 127]
 [130 129 129 ... 131 131 132]
 [129 130 130 ... 132 133 135]
 ...
 [169 169 169 ... 107 109 111]
 [168 169 169 ... 107 104 104]
 [168 168 169 ... 126 122 121]][[126 126 126 ... 130 130 131]
 [128 128 129 ... 131 131 131]
 [130 130 131 ... 132 132 133]
 ...
 [169 169 168 ... 114 116 116]
 [169 169 169 ... 105 103 103]
 [168 168 169 ... 115 114 114]][[130 130 127 ... 131 132 131]
 [130 130 128 ... 132 131 132]
 [130 130 129 ... 133 132 132]
 ...
 [171 171 171 ... 128 132 131]
 [169 171 171 ... 102 103 108]
 [169 169 169 ... 103 103 107]][[127 127 125 ... 131 131 131]
 [128 129 129 ... 132 132 131]
 [131 131 131 ... 133 133 132]
 ...
 [172 171 169 ... 122 126 131]
 [171 169 169 ... 104 104 106]
 [169 169 169 ... 110 108 107]][[125 124 124 ... 132 132 131]
 [125 125 125 ... 132 132 132]
 [129 129 130 ... 132 133 133]
 ...
 [169 171 171 ... 112 111 112]
 [169 171 169 ... 105 105 102]
 [169 169 169 ... 119 116 117]][[126 126 125 ... 130 131 130]
 [128 128 128 ... 131 132 131]
 [130 130 130 ... 132 132 131]
 ...
 [169 169 169 ... 104 104 104]
 [169 169 170 ... 108 107 107]
 [169 169 168 ... 129 125 125]][[128 130 127 ... 130 130 131]
 [128 130 129 ... 131 131 131]
 [129 129 129 ... 133 133 132]
 ...
 [171 171 171 ... 110 111 109]
 [171 171 171 ... 103 102 102]
 [171 171 169 ... 116 114 115]][[128 128 128 ... 131 130 130]
 [128 128 128 ... 132 130 130]
 [128 128 128 ... 133 132 132]
 ...
 [171 172 171 ... 114 116 118]
 [169 169 169 ... 103 104 102]
 [169 169 169 ... 116 112 111]][[128 128 129 ... 132 132 132]
 [128 128 127 ... 132 132 132]
 [128 128 130 ... 135 135 133]
 ...
 [169 171 169 ... 107 107 110]
 [169 168 168 ... 103 101 101]
 [168 168 167 ... 118 117 117]][[129 128 128 ... 133 133 133]
 [129 129 127 ... 135 133 132]
 [131 131 131 ... 135 135 133]
 ...
 [169 169 169 ... 106 108 108]
 [168 169 169 ... 107 104 103]
 [167 167 168 ... 126 122 121]][[128 128 126 ... 129 129 132]
 [128 128 128 ... 132 132 132]
 [130 130 130 ... 133 133 133]
 ...
 [169 169 169 ... 109 107 114]
 [168 168 168 ... 104 103 105]
 [168 168 168 ... 125 121 117]][[127 128 125 ... 128 128 130]
 [129 128 128 ... 131 131 132]
 [131 129 127 ... 135 135 135]
 ...
 [169 169 169 ... 114 115 117]
 [168 169 169 ... 103 103 103]
 [168 169 169 ... 111 112 111]][[128 128 130 ... 131 131 129]
 [129 129 130 ... 131 132 132]
 [132 132 132 ... 133 135 135]
 ...
 [171 169 169 ... 112 118 125]
 [171 169 169 ... 101 101 102]
 [169 169 169 ... 110 107 107]][[128 128 127 ... 131 131 130]
 [129 130 129 ... 131 131 131]
 [130 131 130 ... 133 133 135]
 ...
 [171 171 171 ... 112 115 116]
 [171 171 169 ... 103 103 103]
 [169 169 169 ... 122 116 115]][[128 126 125 ... 131 131 129]
 [129 129 128 ... 132 131 131]
 [131 132 131 ... 133 133 133]
 ...
 [169 169 169 ... 108 109 111]
 [168 168 168 ... 107 105 105]
 [167 167 168 ... 123 121 121]][[129 127 125 ... 131 131 131]
 [129 127 125 ... 132 132 132]
 [129 129 129 ... 133 133 133]
 ...
 [171 171 171 ... 105 107 110]
 [171 169 169 ... 107 107 108]
 [169 168 168 ... 125 124 124]][[125 125 126 ... 131 131 131]
 [126 126 128 ... 131 131 131]
 [128 129 130 ... 133 133 132]
 ...
 [169 169 169 ... 105 107 110]
 [169 169 168 ... 107 104 104]
 [168 167 168 ... 132 128 123]][[131 131 131 ... 131 132 132]
 [131 131 131 ... 132 132 132]
 [131 131 131 ... 135 135 135]
 ...
 [169 169 169 ... 108 105 103]
 [168 169 169 ... 115 110 108]
 [168 168 169 ... 132 133 134]][[128 128 128 ... 132 131 130]
 [130 129 129 ... 132 131 131]
 [132 131 130 ... 133 133 132]
 ...
 [171 171 171 ... 105 107 108]
 [168 169 169 ... 119 119 117]
 [168 168 167 ... 138 136 132]][[128 131 130 ... 132 132 132]
 [129 131 130 ... 132 132 132]
 [132 132 131 ... 133 133 133]
 ...
 [172 171 169 ... 103 102  98]
 [168 169 169 ... 122 118 118]
 [168 168 169 ... 139 137 137]][[125 125 126 ... 130 129 132]
 [129 128 128 ... 132 132 132]
 [131 130 130 ... 133 133 135]
 ...
 [169 169 171 ... 101 102 102]
 [169 169 171 ... 117 112 111]
 [169 169 169 ... 138 134 133]][[131 131 131 ... 133 133 133]
 [130 130 129 ... 135 133 133]
 [130 131 130 ... 135 135 133]
 ...
 [171 173 171 ... 107 111 114]
 [171 172 171 ... 105 105 105]
 [169 169 169 ... 124 122 122]][[129 129 127 ... 131 132 131]
 [129 130 129 ... 132 133 133]
 [130 130 131 ... 135 135 135]
 ...
 [171 171 171 ... 107 110 112]
 [169 169 169 ... 107 108 108]
 [168 168 168 ... 126 122 122]][[131 129 126 ... 130 130 131]
 [130 129 128 ... 131 131 132]
 [131 130 130 ... 133 133 135]
 ...
 [169 171 169 ... 102 102 100]
 [168 169 169 ... 117 111 112]
 [168 168 168 ... 137 138 135]][[131 129 126 ... 131 131 130]
 [131 130 128 ... 132 131 131]
 [130 130 130 ... 133 132 132]
 ...
 [171 171 169 ... 101 100 102]
 [169 168 168 ... 118 116 116]
 [168 168 168 ... 138 136 135]][[128 129 130 ... 131 131 132]
 [129 130 130 ... 132 132 132]
 [131 131 130 ... 132 132 132]
 ...
 [168 169 169 ... 105 104 103]
 [168 168 168 ... 109 104 103]
 [167 167 167 ... 131 124 123]][[127 125 125 ... 133 132 131]
 [128 127 125 ... 133 132 131]
 [129 128 127 ... 133 133 133]
 ...
 [172 171 169 ... 105 110 111]
 [171 171 169 ... 102 103 104]
 [171 169 169 ... 124 119 118]][[128 128 128 ... 132 132 133]
 [130 130 130 ... 131 132 132]
 [130 130 131 ... 132 132 133]
 ...
 [171 169 169 ... 109 111 111]
 [169 169 169 ... 104 103 104]
 [169 169 169 ... 123 119 117]][[128 128 128 ... 130 133 131]
 [130 131 131 ... 133 132 131]
 [132 132 132 ... 133 133 133]
 ...
 [171 169 169 ... 105 108 110]
 [169 169 169 ... 107 105 105]
 [168 169 169 ... 125 124 123]][[128 128 127 ... 130 131 131]
 [129 129 128 ... 132 131 131]
 [130 130 130 ... 135 133 133]
 ...
 [171 171 172 ... 104 105 106]
 [169 169 169 ... 107 105 104]
 [168 168 168 ... 126 121 122]][[127 127 128 ... 132 132 132]
 [128 128 128 ... 132 132 132]
 [129 130 131 ... 133 133 133]
 ...
 [169 171 171 ... 108 108 110]
 [171 171 169 ... 108 108 108]
 [169 169 169 ... 124 123 124]][[128 126 126 ... 131 131 130]
 [129 129 128 ... 132 132 132]
 [130 131 131 ... 133 133 133]
 ...
 [169 169 169 ... 105 109 111]
 [168 169 169 ... 110 109 108]
 [168 169 171 ... 128 124 123]][[128 128 126 ... 132 133 132]
 [130 130 129 ... 133 133 133]
 [131 131 131 ... 135 133 135]
 ...
 [168 169 171 ... 110 111 111]
 [168 169 169 ... 110 107 104]
 [167 168 168 ... 124 119 118]][[128 130 130 ... 131 131 132]
 [129 130 130 ... 131 133 135]
 [131 130 130 ... 133 135 135]
 ...
 [171 169 169 ... 111 112 114]
 [171 169 169 ... 108 108 106]
 [169 169 168 ... 125 122 118]][[128 128 127 ... 131 131 132]
 [128 129 128 ... 131 132 133]
 [130 131 130 ... 135 135 133]
 ...
 [171 169 169 ... 109 110 110]
 [171 169 168 ... 109 108 108]
 [169 169 168 ... 122 122 123]][[131 131 130 ... 131 131 131]
 [131 131 130 ... 132 132 132]
 [132 132 132 ... 134 135 135]
 ...
 [173 172 171 ... 105 107 108]
 [171 171 169 ... 110 108 107]
 [169 171 171 ... 131 126 124]][[128 129 130 ... 131 131 131]
 [129 130 130 ... 132 131 131]
 [131 130 130 ... 132 132 132]
 ...
 [171 171 171 ... 106 107 110]
 [169 171 169 ... 109 107 107]
 [169 169 169 ... 130 126 122]][[128 129 131 ... 130 131 133]
 [130 131 131 ... 131 132 134]
 [130 131 131 ... 135 135 135]
 ...
 [172 171 171 ... 109 108 108]
 [169 169 169 ... 111 109 108]
 [169 169 169 ... 131 129 125]][[128 126 126 ... 131 130 129]
 [129 128 128 ... 132 131 131]
 [132 130 130 ... 135 133 132]
 ...
 [171 171 169 ... 108 110 111]
 [169 169 169 ... 109 108 107]
 [169 169 168 ... 129 128 125]][[131 129 129 ... 132 131 130]
 [131 130 129 ... 132 131 131]
 [132 132 132 ... 132 133 132]
 ...
 [171 171 171 ... 108 110 111]
 [171 171 171 ... 111 111 110]
 [169 169 169 ... 134 129 123]][[130 129 128 ... 132 132 132]
 [130 131 131 ... 132 132 132]
 [131 132 132 ... 132 132 133]
 ...
 [171 169 169 ... 103 103 104]
 [169 168 168 ... 114 110 109]
 [172 168 168 ... 134 129 126]][[130 130 130 ... 131 132 131]
 [130 131 130 ... 132 132 133]
 [131 132 132 ... 133 133 133]
 ...
 [171 169 168 ... 104 107 107]
 [171 171 169 ... 111 111 110]
 [169 169 169 ... 124 125 128]][[131 130 130 ... 133 132 131]
 [131 131 131 ... 135 132 131]
 [131 131 131 ... 135 133 132]
 ...
 [169 171 169 ... 107 110 112]
 [169 168 168 ... 109 108 107]
 [168 168 168 ... 129 125 122]][[130 130 129 ... 131 131 131]
 [131 131 131 ... 132 132 132]
 [132 132 132 ... 136 135 133]
 ...
 [169 169 169 ... 104 109 111]
 [169 169 169 ... 108 107 105]
 [169 169 169 ... 122 123 123]][[130 130 131 ... 131 132 131]
 [130 130 130 ... 132 133 133]
 [130 131 130 ... 137 136 133]
 ...
 [168 168 168 ... 107 108 108]
 [168 168 169 ... 109 107 107]
 [168 168 169 ... 125 123 121]][[131 131 131 ... 132 132 133]
 [131 131 131 ... 133 133 133]
 [131 131 131 ... 135 135 133]
 ...
 [169 169 169 ... 108 109 109]
 [169 168 169 ... 104 103 102]
 [169 168 168 ... 123 121 119]][[128 128 129 ... 132 133 132]
 [130 130 131 ... 133 132 132]
 [132 132 132 ... 135 133 133]
 ...
 [172 171 169 ... 109 115 117]
 [169 169 169 ... 103 106 109]
 [168 169 169 ... 119 116 114]][[131 130 128 ... 132 132 131]
 [131 131 130 ... 133 132 131]
 [131 133 132 ... 135 133 132]
 ...
 [171 169 168 ... 107 109 111]
 [169 169 168 ... 108 104 105]
 [169 169 168 ... 126 121 118]][[128 128 128 ... 132 132 132]
 [130 130 130 ... 133 133 133]
 [132 132 132 ... 135 136 135]
 ...
 [172 172 171 ... 107 105 102]
 [171 171 171 ... 117 112 110]
 [169 169 171 ... 133 132 131]][[130 129 126 ... 130 132 133]
 [130 130 128 ... 130 132 132]
 [130 131 131 ... 131 133 132]
 ...
 [169 168 168 ... 107 107 104]
 [169 169 169 ... 117 117 116]
 [168 168 169 ... 138 137 135]][[130 130 131 ... 128 128 131]
 [131 131 131 ... 131 131 131]
 [131 131 131 ... 133 133 132]
 ...
 [169 169 168 ... 107 103 103]
 [168 169 169 ... 111 109 108]
 [168 168 169 ... 131 131 126]][[130 129 129 ... 132 132 132]
 [131 131 130 ... 135 135 133]
 [132 132 132 ... 136 135 135]
 ...
 [171 171 169 ... 105 105 105]
 [169 169 169 ... 108 106 105]
 [170 170 170 ... 126 122 119]][[130 128 128 ... 133 133 133]
 [130 130 130 ... 133 133 133]
 [131 131 131 ... 133 135 133]
 ...
 [172 172 171 ... 107 109 107]
 [171 169 169 ... 105 103 102]
 [169 169 168 ... 129 123 121]][[131 131 131 ... 131 129 131]
 [132 131 131 ... 132 131 131]
 [131 131 131 ... 132 132 132]
 ...
 [171 171 171 ... 108 110 110]
 [171 171 171 ... 109 107 108]
 [171 169 168 ... 124 122 119]][[130 130 130 ... 130 131 131]
 [130 131 131 ... 132 131 132]
 [132 132 132 ... 135 135 133]
 ...
 [171 171 171 ... 110 110 114]
 [169 169 169 ... 109 108 108]
 [169 168 169 ... 121 117 116]][[128 130 131 ... 131 131 131]
 [129 130 130 ... 132 131 131]
 [130 130 131 ... 133 132 133]
 ...
 [171 171 169 ... 112 115 116]
 [168 169 169 ... 105 103 104]
 [168 169 168 ... 117 115 115]][[128 126 127 ... 130 130 132]
 [129 129 128 ... 131 131 132]
 [131 130 131 ... 135 135 135]
 ...
 [171 171 169 ... 110 114 115]
 [169 168 168 ... 104 103 102]
 [169 168 167 ... 121 116 114]][[130 130 128 ... 132 133 131]
 [130 131 131 ... 131 132 132]
 [132 132 132 ... 133 135 135]
 ...
 [171 169 169 ... 105 109 111]
 [169 169 168 ... 107 105 104]
 [168 167 168 ... 126 124 121]][[128 126 126 ... 132 131 131]
 [131 130 129 ... 133 132 132]
 [135 133 132 ... 135 133 133]
 ...
 [171 171 171 ... 109 108 109]
 [169 169 168 ... 108 105 104]
 [169 169 168 ... 129 124 123]][[129 129 128 ... 131 131 132]
 [129 129 129 ... 131 131 132]
 [132 130 129 ... 131 133 133]
 ...
 [169 169 169 ... 107 110 117]
 [169 168 168 ... 103 105 103]
 [169 169 169 ... 123 119 116]][[130 128 127 ... 131 130 130]
 [131 130 128 ... 132 132 131]
 [136 135 133 ... 133 133 133]
 ...
 [171 171 169 ... 113 117 124]
 [171 169 168 ... 102 100 100]
 [169 168 168 ... 110 108 108]][[130 130 130 ... 132 132 132]
 [130 130 130 ... 132 132 132]
 [132 131 131 ... 135 135 135]
 ...
 [169 172 171 ... 111 116 119]
 [169 171 169 ... 107 106 104]
 [169 169 169 ... 117 116 115]][[130 130 129 ... 131 131 131]
 [131 131 131 ... 132 132 133]
 [132 132 131 ... 135 135 136]
 ...
 [171 169 169 ... 108 110 109]
 [171 169 169 ... 105 103 102]
 [169 169 169 ... 117 118 123]][[131 130 128 ... 131 130 130]
 [132 131 131 ... 133 133 133]
 [132 131 132 ... 137 137 135]
 ...
 [171 171 171 ... 112 115 116]
 [171 171 171 ... 107 105 102]
 [169 169 169 ... 124 119 117]][[131 131 131 ... 131 130 131]
 [131 131 132 ... 132 131 131]
 [133 132 131 ... 135 135 135]
 ...
 [169 171 171 ... 115 116 117]
 [169 169 171 ... 105 104 103]
 [168 169 169 ... 111 108 108]][[128 128 127 ... 131 130 130]
 [129 129 128 ... 130 131 130]
 [130 129 130 ... 132 132 132]
 ...
 [169 169 169 ... 116 119 126]
 [169 169 169 ... 103 102 102]
 [168 168 169 ... 112 110 110]][[132 130 130 ... 132 132 133]
 [132 132 131 ... 133 133 133]
 [133 132 132 ... 135 133 133]
 ...
 [173 173 171 ... 117 117 118]
 [173 173 171 ... 103 102 101]
 [171 171 168 ... 114 113 112]][[130 130 129 ... 131 130 130]
 [129 129 130 ... 131 131 132]
 [130 130 131 ... 132 132 133]
 ...
 [169 169 169 ... 112 110 115]
 [169 169 168 ... 103 103 104]
 [168 168 168 ... 116 111 107]][[133 131 126 ... 132 130 130]
 [133 131 128 ... 133 132 132]
 [132 130 130 ... 135 135 135]
 ...
 [171 169 169 ... 110 117 127]
 [169 169 169 ... 101 101 101]
 [169 169 169 ... 108 104 101]][[131 132 131 ... 131 131 132]
 [131 132 132 ... 131 132 132]
 [131 132 133 ... 132 132 131]
 ...
 [172 171 171 ... 117 121 126]
 [169 169 169 ... 101 101 102]
 [169 169 169 ... 105 107 110]][[130 130 129 ... 132 132 133]
 [129 130 130 ... 135 133 132]
 [131 132 132 ... 135 135 133]
 ...
 [169 169 169 ... 116 117 121]
 [169 169 169 ... 105 103 102]
 [168 168 169 ... 111 110 110]][[131 131 131 ... 132 131 131]
 [131 131 131 ... 132 132 132]
 [130 131 131 ... 133 133 133]
 ...
 [173 172 171 ... 110 110 110]
 [171 171 169 ... 105 105 104]
 [169 169 168 ... 122 119 121]][[127 127 130 ... 132 131 131]
 [129 129 130 ... 132 131 130]
 [131 131 131 ... 135 135 135]
 ...
 [173 172 171 ... 109 110 112]
 [169 169 169 ... 108 107 104]
 [168 169 169 ... 126 121 118]][[130 130 128 ... 133 132 132]
 [130 131 129 ... 135 133 133]
 [130 131 130 ... 133 133 135]
 ...
 [169 169 169 ... 111 111 109]
 [169 169 169 ... 108 106 104]
 [169 169 169 ... 124 123 121]][[130 130 128 ... 132 133 133]
 [130 129 129 ... 135 135 135]
 [132 130 130 ... 136 136 136]
 ...
 [171 171 169 ... 110 110 115]
 [171 171 169 ... 107 107 107]
 [171 171 169 ... 124 122 121]][[130 130 130 ... 132 132 132]
 [130 130 130 ... 133 133 132]
 [131 131 131 ... 135 136 135]
 ...
 [169 171 171 ... 107 108 111]
 [169 169 169 ... 109 108 106]
 [169 169 169 ... 128 126 122]][[130 130 130 ... 129 128 129]
 [130 131 131 ... 130 130 131]
 [131 132 132 ... 132 133 133]
 ...
 [171 171 171 ... 107 109 107]
 [169 169 169 ... 105 102 102]
 [169 169 168 ... 125 119 118]][[130 131 130 ... 132 132 132]
 [131 131 131 ... 132 133 133]
 [131 132 132 ... 135 135 135]
 ...
 [173 172 171 ... 108 111 112]
 [171 172 171 ... 104 103 104]
 [169 171 171 ... 119 116 115]][[130 128 128 ... 132 132 132]
 [130 130 130 ... 132 132 132]
 [131 131 130 ... 133 133 133]
 ...
 [171 171 171 ... 113 112 117]
 [171 169 169 ... 103 103 104]
 [168 167 168 ... 116 112 109]][[128 129 131 ... 133 132 133]
 [131 131 130 ... 133 133 132]
 [132 132 131 ... 135 135 133]
 ...
 [171 171 171 ... 110 114 112]
 [169 169 169 ... 105 106 106]
 [169 169 168 ... 116 116 116]][[128 129 130 ... 132 132 131]
 [129 129 129 ... 131 132 131]
 [133 131 130 ... 135 135 135]
 ...
 [169 169 171 ... 117 118 119]
 [169 169 169 ... 105 103 102]
 [169 169 169 ... 112 110 110]][[126 126 128 ... 132 132 132]
 [129 129 129 ... 132 132 132]
 [130 131 131 ... 133 133 133]
 ...
 [172 172 172 ... 119 121 125]
 [169 171 169 ... 105 101 100]
 [168 169 169 ... 107 103 102]][[132 131 130 ... 132 135 133]
 [132 132 131 ... 135 135 135]
 [133 133 133 ... 136 136 136]
 ...
 [171 171 171 ... 115 118 123]
 [171 172 171 ... 102 102 102]
 [169 171 169 ... 108 109 108]][[130 131 131 ... 130 132 132]
 [131 131 132 ... 132 133 133]
 [133 133 132 ... 133 135 133]
 ...
 [172 172 171 ... 119 122 126]
 [171 171 169 ... 106 102 103]
 [169 169 169 ... 110 108 107]][[130 130 130 ... 132 132 133]
 [130 130 128 ... 132 131 132]
 [131 131 130 ... 132 133 133]
 ...
 [169 171 171 ... 122 129 131]
 [168 169 169 ... 100 102  98]
 [168 168 169 ... 104 104 104]][[131 129 128 ... 130 129 130]
 [131 130 129 ... 131 131 131]
 [133 131 131 ... 135 133 133]
 ...
 [172 169 169 ... 126 129 131]
 [171 169 168 ... 100 102 101]
 [169 168 168 ... 104 101 102]][[130 130 130 ... 132 132 132]
 [131 132 131 ... 133 133 135]
 [132 132 132 ... 133 135 136]
 ...
 [171 171 172 ... 128 131 131]
 [172 172 170 ... 100 103 107]
 [170 170 170 ... 107 103 104]][[131 131 128 ... 130 131 131]
 [131 131 129 ... 131 132 131]
 [131 131 131 ... 135 133 132]
 ...
 [171 171 171 ... 125 129 131]
 [171 169 169 ... 102 102 101]
 [169 169 168 ... 104 103 104]][[128 130 131 ... 132 131 132]
 [130 130 130 ... 135 133 133]
 [130 131 131 ... 136 136 135]
 ...
 [171 171 169 ... 119 128 133]
 [171 171 169 ... 103 106 108]
 [171 171 169 ... 111 107 104]][[130 129 126 ... 132 132 132]
 [131 130 130 ... 133 132 132]
 [131 132 132 ... 132 133 132]
 ...
 [171 171 171 ... 119 126 134]
 [171 171 169 ... 101 101  97]
 [169 169 169 ... 110 105 103]][[130 128 129 ... 131 132 132]
 [130 129 130 ... 130 132 132]
 [131 131 131 ... 133 133 132]
 ...
 [171 172 171 ... 122 128 130]
 [171 169 169 ... 102 102 102]
 [169 169 169 ... 111 105 105]][[130 130 131 ... 131 131 131]
 [131 132 132 ... 133 133 131]
 [132 131 131 ... 135 135 133]
 ...
 [169 171 171 ... 121 129 133]
 [169 171 171 ... 102 102 100]
 [169 171 171 ... 107 103 101]][[130 131 130 ... 132 131 132]
 [130 130 132 ... 132 132 132]
 [132 132 132 ... 133 132 132]
 ...
 [171 171 171 ... 123 127 133]
 [171 171 171 ... 105 105 107]
 [169 171 169 ... 105 104 105]][[130 128 128 ... 131 131 131]
 [131 130 130 ... 132 131 131]
 [132 132 132 ... 135 134 134]
 ...
 [171 171 169 ... 132 131 133]
 [169 169 169 ... 104 105 102]
 [169 169 169 ... 103 101 101]][[130 129 128 ... 132 132 129]
 [131 130 130 ... 133 132 131]
 [131 131 132 ... 136 135 133]
 ...
 [171 171 171 ... 129 132 137]
 [169 171 171 ...  97  97 104]
 [169 171 169 ... 104 104 105]][[131 131 130 ... 131 130 130]
 [131 132 132 ... 132 132 132]
 [132 133 132 ... 135 133 133]
 ...
 [171 171 169 ... 117 121 125]
 [169 169 169 ... 101  98 100]
 [168 168 168 ... 105 101 101]][[131 131 128 ... 133 133 132]
 [130 130 131 ... 133 133 132]
 [131 131 131 ... 132 132 132]
 ...
 [171 171 171 ... 115 116 122]
 [169 171 171 ... 101 101 101]
 [168 169 169 ... 108 108 108]][[130 129 128 ... 129 131 131]
 [131 130 129 ... 131 132 133]
 [133 133 132 ... 135 135 133]
 ...
 [171 171 169 ... 115 115 119]
 [171 169 169 ... 102 101 101]
 [169 169 168 ... 116 110 107]][[129 127 125 ... 132 132 132]
 [130 129 128 ... 132 132 133]
 [131 132 131 ... 133 133 135]
 ...
 [172 171 169 ... 111 115 117]
 [171 171 169 ... 105 105 103]
 [169 171 171 ... 124 119 118]][[130 129 128 ... 132 132 131]
 [130 130 129 ... 132 132 133]
 [131 131 131 ... 133 133 133]
 ...
 [171 171 171 ... 110 112 114]
 [171 171 169 ... 108 105 104]
 [169 169 168 ... 124 119 114]][[130 130 130 ... 132 132 132]
 [130 130 131 ... 133 132 132]
 [132 132 132 ... 135 133 132]
 ...
 [171 169 169 ... 107 108 108]
 [168 169 169 ... 105 104 103]
 [168 168 168 ... 119 117 117]][[130 129 130 ... 130 131 132]
 [130 130 130 ... 131 131 131]
 [132 132 132 ... 135 133 133]
 ...
 [172 169 169 ... 110 111 114]
 [169 168 168 ... 108 106 106]
 [169 168 168 ... 128 123 120]][[130 131 130 ... 135 135 132]
 [130 131 131 ... 135 135 132]
 [131 131 131 ... 135 135 135]
 ...
 [173 172 171 ... 108 109 108]
 [171 171 169 ... 104 103 103]
 [169 169 168 ... 124 122 121]][[131 130 130 ... 130 131 132]
 [131 131 131 ... 131 131 131]
 [131 132 132 ... 132 131 132]
 ...
 [172 171 171 ... 115 117 117]
 [169 169 169 ... 105 103 100]
 [169 169 168 ... 112 109 109]][[129 130 131 ... 133 132 132]
 [129 130 132 ... 133 133 132]
 [129 130 133 ... 135 135 133]
 ...
 [169 169 169 ... 110 114 116]
 [171 169 169 ... 102 102 101]
 [171 169 169 ... 112 112 114]][[130 129 130 ... 132 131 131]
 [131 130 130 ... 133 133 132]
 [131 130 130 ... 133 133 133]
 ...
 [173 171 171 ... 108 111 113]
 [171 171 169 ... 104 105 105]
 [169 169 168 ... 122 117 116]][[128 129 130 ... 132 133 133]
 [130 130 131 ... 132 132 133]
 [133 133 133 ... 133 132 132]
 ...
 [173 173 172 ... 104 105 105]
 [173 173 171 ... 104 104 103]
 [168 168 168 ... 124 124 123]][[130 130 130 ... 132 132 132]
 [130 131 131 ... 133 133 133]
 [130 132 132 ... 136 136 135]
 ...
 [171 171 171 ... 111 114 111]
 [171 171 169 ... 102 101 100]
 [169 169 169 ... 118 112 111]][[131 131 130 ... 131 131 132]
 [131 131 130 ... 132 133 133]
 [132 132 131 ... 135 135 136]
 ...
 [171 169 168 ... 104 110 117]
 [171 168 168 ... 102 102 101]
 [168 168 168 ... 115 112 111]][[131 130 130 ... 131 130 130]
 [131 131 131 ... 132 132 131]
 [131 131 131 ... 135 135 135]
 ...
 [171 171 171 ... 112 116 118]
 [171 169 169 ... 108 105 105]
 [169 169 169 ... 119 114 110]][[132 133 133 ... 133 133 133]
 [132 133 132 ... 133 133 135]
 [132 133 132 ... 135 135 135]
 ...
 [169 169 169 ... 111 112 112]
 [168 169 169 ... 109 103 102]
 [168 169 169 ... 123 121 116]][[130 130 130 ... 135 133 131]
 [131 131 131 ... 135 133 132]
 [131 131 131 ... 135 135 133]
 ...
 [172 171 171 ... 115 119 122]
 [171 171 171 ... 103 107 105]
 [169 169 169 ... 114 112 111]][[130 130 129 ... 133 132 132]
 [130 130 130 ... 133 133 132]
 [131 132 132 ... 133 133 132]
 ...
 [171 171 171 ... 115 117 119]
 [171 171 169 ... 103 101 101]
 [169 169 169 ... 107 107 108]][[131 132 132 ... 130 130 132]
 [132 133 132 ... 130 131 132]
 [133 133 133 ... 135 133 133]
 ...
 [171 171 171 ... 112 114 112]
 [169 171 171 ... 108 103  98]
 [169 169 169 ... 121 117 116]][[130 130 131 ... 130 130 129]
 [131 131 131 ... 132 130 131]
 [131 132 133 ... 135 133 133]
 ...
 [169 171 171 ... 107 110 112]
 [169 169 169 ... 110 107 108]
 [168 169 169 ... 123 120 123]][[131 131 131 ... 131 132 131]
 [131 131 132 ... 133 132 132]
 [131 132 132 ... 136 135 133]
 ...
 [171 171 169 ... 108 112 113]
 [171 171 169 ... 109 108 105]
 [171 169 169 ... 127 120 120]][[131 131 131 ... 131 131 131]
 [131 132 131 ... 132 131 131]
 [133 132 132 ... 133 132 132]
 ...
 [169 169 171 ... 111 115 118]
 [169 169 169 ... 105 105 103]
 [169 169 169 ... 114 112 112]][[130 130 130 ... 131 131 131]
 [131 131 131 ... 133 132 132]
 [131 131 131 ... 136 134 134]
 ...
 [172 171 171 ... 112 115 115]
 [169 169 169 ... 105 105 103]
 [168 168 168 ... 118 118 115]][[128 128 128 ... 133 133 132]
 [129 129 130 ... 133 133 132]
 [132 131 131 ... 133 133 133]
 ...
 [171 171 169 ... 110 111 110]
 [171 171 171 ... 109 108 102]
 [169 171 171 ... 128 122 123]][[128 128 128 ... 133 133 133]
 [130 129 129 ... 133 133 133]
 [131 131 130 ... 135 135 135]
 ...
 [171 171 171 ... 108 109 112]
 [168 168 169 ... 104 104 106]
 [168 168 168 ... 122 121 117]][[131 131 131 ... 132 132 132]
 [132 132 131 ... 132 132 132]
 [134 131 132 ... 133 133 132]
 ...
 [173 174 172 ... 108 111 111]
 [173 173 171 ... 104 103 103]
 [169 169 169 ... 121 124 121]][[130 130 130 ... 133 133 132]
 [130 130 131 ... 132 133 133]
 [131 131 132 ... 133 135 135]
 ...
 [172 171 171 ... 108 104 108]
 [169 169 169 ... 109 107 105]
 [169 168 168 ... 128 125 123]][[130 129 128 ... 133 133 133]
 [131 131 129 ... 135 133 135]
 [133 132 131 ... 136 135 135]
 ...
 [171 171 171 ... 105 105 104]
 [171 169 169 ... 114 110 109]
 [169 169 169 ... 133 131 130]][[128 128 128 ... 132 132 132]
 [129 129 130 ... 133 135 133]
 [131 131 131 ... 137 136 135]
 ...
 [171 171 171 ... 107 107 105]
 [169 169 169 ... 114 111 109]
 [169 169 169 ... 132 131 130]][[130 130 131 ... 132 132 133]
 [131 132 131 ... 133 133 133]
 [131 132 132 ... 136 136 136]
 ...
 [171 169 169 ... 104 107 109]
 [171 171 171 ... 111 109 107]
 [171 171 171 ... 130 128 124]][[132 131 131 ... 130 131 132]
 [133 132 130 ... 131 131 132]
 [135 133 131 ... 131 132 133]
 ...
 [169 171 171 ... 105 109 108]
 [169 171 171 ... 104 104 103]
 [169 169 169 ... 122 122 123]][[131 131 130 ... 132 133 135]
 [131 131 130 ... 133 133 133]
 [131 130 131 ... 135 135 133]
 ...
 [171 169 169 ... 108 107 105]
 [171 169 169 ... 109 107 107]
 [169 169 169 ... 130 125 122]][[131 130 130 ... 131 131 131]
 [131 131 131 ... 132 133 133]
 [132 133 132 ... 135 135 135]
 ...
 [169 171 171 ... 110 108 108]
 [169 171 169 ... 111 108 104]
 [168 168 169 ... 135 131 125]][[131 130 128 ... 132 131 132]
 [131 130 129 ... 132 133 133]
 [132 131 131 ... 133 133 133]
 ...
 [171 172 171 ... 107 109 112]
 [169 169 169 ... 111 108 108]
 [168 168 168 ... 129 126 124]][[131 131 131 ... 132 132 132]
 [131 131 131 ... 133 133 132]
 [132 132 132 ... 135 135 135]
 ...
 [172 171 169 ... 105 108 111]
 [169 169 169 ... 110 109 108]
 [169 169 169 ... 129 128 126]][[130 130 130 ... 132 132 132]
 [131 132 131 ... 133 133 133]
 [132 133 133 ... 135 135 135]
 ...
 [171 171 171 ... 101 104 108]
 [172 171 169 ... 108 107 108]
 [171 171 169 ... 126 122 122]][[130 130 130 ... 131 130 131]
 [129 129 130 ... 133 132 131]
 [130 131 131 ... 135 135 135]
 ...
 [171 171 171 ... 109 109 111]
 [172 171 169 ... 109 107 107]
 [171 171 169 ... 124 123 122]][[131 131 131 ... 133 133 132]
 [131 131 131 ... 133 133 133]
 [130 131 132 ... 133 133 133]
 ...
 [173 172 171 ... 111 111 111]
 [171 169 169 ... 108 106 104]
 [167 168 168 ... 129 123 119]][[132 131 131 ... 135 135 133]
 [132 131 131 ... 135 135 133]
 [132 132 132 ... 135 135 133]
 ...
 [171 171 169 ... 108 111 112]
 [169 171 169 ... 108 107 107]
 [171 171 169 ... 124 120 118]][[129 129 129 ... 131 131 130]
 [131 131 130 ... 133 132 131]
 [132 132 131 ... 135 135 133]
 ...
 [171 171 171 ... 110 111 111]
 [171 169 169 ... 108 108 107]
 [169 169 169 ... 123 122 119]][[126 128 130 ... 131 132 132]
 [129 129 130 ... 133 133 132]
 [131 131 131 ... 135 135 133]
 ...
 [169 171 171 ... 109 109 110]
 [171 171 169 ... 108 105 103]
 [168 169 169 ... 117 117 118]][[130 130 131 ... 132 131 130]
 [131 131 132 ... 133 132 131]
 [133 133 133 ... 135 135 133]
 ...
 [169 169 169 ... 109 112 115]
 [168 169 171 ... 105 104 104]
 [168 169 171 ... 126 122 121]][[132 131 132 ... 132 132 132]
 [132 132 132 ... 133 132 132]
 [132 132 133 ... 133 133 133]
 ...
 [169 169 169 ... 108 111 110]
 [168 169 169 ... 103 103 103]
 [168 168 169 ... 123 119 117]][[129 130 131 ... 131 132 131]
 [130 130 131 ... 131 133 133]
 [133 133 133 ... 135 135 135]
 ...
 [172 171 169 ... 111 110 115]
 [169 169 169 ... 102 101 102]
 [169 169 169 ... 116 115 115]][[131 132 130 ... 133 135 136]
 [131 131 131 ... 133 133 135]
 [132 132 132 ... 132 133 135]
 ...
 [172 173 173 ... 107 110 112]
 [169 172 171 ... 102 102 102]
 [168 168 168 ... 119 115 112]][[131 130 130 ... 133 133 132]
 [130 130 131 ... 133 133 133]
 [132 132 132 ... 135 135 135]
 ...
 [169 169 169 ... 109 112 116]
 [169 169 169 ... 107 108 109]
 [169 169 169 ... 124 123 122]][[129 130 130 ... 132 132 132]
 [130 130 130 ... 133 132 132]
 [130 130 130 ... 136 135 133]
 ...
 [171 171 169 ... 108 111 114]
 [168 169 169 ... 110 109 108]
 [169 171 171 ... 129 126 123]][[129 130 130 ... 131 131 131]
 [130 130 131 ... 132 131 131]
 [131 132 132 ... 132 132 132]
 ...
 [172 172 171 ... 112 112 109]
 [169 171 169 ... 105 102 101]
 [172 171 169 ... 122 119 117]][[129 129 131 ... 131 131 131]
 [130 131 130 ... 132 133 133]
 [132 133 133 ... 135 135 135]
 ...
 [171 171 169 ... 113 112 119]
 [169 169 169 ... 102 101 101]
 [168 168 168 ... 112 111 110]][[130 128 125 ... 129 129 131]
 [128 128 129 ... 131 131 132]
 [130 130 131 ... 135 135 133]
 ...
 [171 171 171 ... 111 114 115]
 [171 171 171 ... 108 105 103]
 [171 171 171 ... 122 119 119]][[130 130 131 ... 132 132 133]
 [130 131 131 ... 133 133 133]
 [131 132 131 ... 135 135 133]
 ...
 [171 169 169 ... 103 108 110]
 [169 169 171 ... 107 107 107]
 [168 169 169 ... 127 123 123]][[131 130 129 ... 132 132 131]
 [131 130 131 ... 133 132 132]
 [132 133 135 ... 135 133 133]
 ...
 [171 171 169 ... 105 109 108]
 [169 169 169 ... 103 102 102]
 [169 169 168 ... 124 124 119]][[132 130 130 ... 132 131 131]
 [132 131 131 ... 132 131 131]
 [131 132 132 ... 132 133 133]
 ...
 [172 173 173 ... 130 135 140]
 [171 171 171 ... 106 107 111]
 [169 169 168 ... 101 100 102]][[130 130 130 ... 132 133 132]
 [130 130 130 ... 132 133 132]
 [131 132 131 ... 134 135 133]
 ...
 [172 171 171 ... 139 140 142]
 [171 169 168 ... 136 138 133]
 [168 168 168 ... 105 103 109]][[130 130 129 ... 131 131 133]
 [131 131 131 ... 132 133 133]
 [130 130 130 ... 135 135 135]
 ...
 [171 171 171 ... 142 143 143]
 [169 169 169 ... 124 125 131]
 [168 169 168 ... 104 101 102]][[130 130 130 ... 133 133 131]
 [130 131 131 ... 135 133 132]
 [132 132 133 ... 135 135 133]
 ...
 [171 171 171 ... 118 125 128]
 [168 169 169 ... 103 102 104]
 [167 168 169 ... 108 106 106]][[130 131 130 ... 131 131 132]
 [131 132 132 ... 132 132 133]
 [133 135 135 ... 132 132 133]
 ...
 [171 169 169 ... 111 112 116]
 [169 169 168 ... 108 107 105]
 [169 169 169 ... 119 118 118]][[131 130 129 ... 129 130 131]
 [132 131 129 ... 131 131 132]
 [131 131 130 ... 135 133 133]
 ...
 [171 171 169 ... 134 139 143]
 [169 169 168 ... 107 110 117]
 [169 168 168 ... 103 101 102]][[131 130 129 ... 132 131 132]
 [132 130 130 ... 133 133 133]
 [132 132 131 ... 133 133 133]
 ...
 [171 171 171 ... 138 138 140]
 [169 171 171 ... 130 132 135]
 [169 169 168 ... 108 111 116]][[131 130 130 ... 131 132 133]
 [132 132 131 ... 132 132 132]
 [133 133 133 ... 133 132 132]
 ...
 [172 171 171 ... 140 143 143]
 [171 171 171 ... 123 132 137]
 [169 169 169 ... 105 103 105]][[132 130 129 ... 132 133 133]
 [133 132 131 ... 132 133 133]
 [133 133 132 ... 132 133 133]
 ...
 [171 172 171 ... 122 130 131]
 [171 171 171 ... 103 101 100]
 [169 169 169 ... 107 103 102]][[127 130 132 ... 128 128 129]
 [131 132 132 ... 129 130 131]
 [131 133 133 ... 133 133 133]
 ...
 [169 171 169 ... 118 121 122]
 [169 169 169 ... 103 101 101]
 [169 169 169 ... 111 111 110]][[131 131 131 ... 132 132 133]
 [131 131 131 ... 132 133 135]
 [132 132 132 ... 136 136 136]
 ...
 [173 171 169 ... 138 142 144]
 [171 171 169 ... 109 112 118]
 [169 169 168 ... 102 104 105]][[130 131 131 ... 131 131 131]
 [130 131 132 ... 132 131 131]
 [130 130 131 ... 135 133 132]
 ...
 [173 172 172 ... 139 140 142]
 [173 171 171 ... 134 136 132]
 [171 171 170 ... 102 107 110]][[131 132 132 ... 131 130 131]
 [132 132 132 ... 132 132 132]
 [132 132 132 ... 135 135 135]
 ...
 [171 171 171 ... 136 142 142]
 [171 169 169 ... 112 115 117]
 [169 169 169 ... 107 105 103]][[128 130 130 ... 135 135 132]
 [130 131 131 ... 133 135 133]
 [132 132 133 ... 135 135 133]
 ...
 [169 169 171 ... 115 114 121]
 [168 169 169 ... 104 105 104]
 [168 168 168 ... 114 112 111]][[131 130 129 ... 133 132 131]
 [132 131 130 ... 133 133 132]
 [132 133 132 ... 133 133 133]
 ...
 [171 171 171 ... 116 118 123]
 [173 171 171 ... 101 100 101]
 [171 171 169 ... 108 105 104]][[130 130 131 ... 130 130 131]
 [131 130 130 ... 131 132 131]
 [133 131 131 ... 135 135 135]
 ...
 [171 171 171 ... 142 144 144]
 [169 169 169 ... 112 119 123]
 [168 168 169 ... 103 102 104]][[128 128 130 ... 133 133 132]
 [130 131 131 ... 133 133 133]
 [131 132 132 ... 133 135 135]
 ...
 [171 171 171 ... 139 142 143]
 [169 171 171 ... 121 126 131]
 [171 171 171 ... 104 107 104]][[129 128 127 ... 131 131 131]
 [131 130 129 ... 131 131 132]
 [132 132 131 ... 132 132 133]
 ...
 [171 169 169 ... 128 133 136]
 [171 171 169 ... 104 105 100]
 [169 169 169 ... 106 103 102]][[132 132 132 ... 130 131 133]
 [132 132 132 ... 133 133 133]
 [132 132 132 ... 135 135 135]
 ...
 [172 173 173 ... 111 116 116]
 [171 171 171 ... 105 107 105]
 [169 171 169 ... 122 117 116]][[131 130 130 ... 130 130 130]
 [131 131 132 ... 132 133 132]
 [132 132 133 ... 136 136 135]
 ...
 [173 173 171 ... 116 122 128]
 [171 171 171 ... 100 101 105]
 [169 168 171 ... 115 110 108]][[131 130 130 ... 132 133 131]
 [131 131 130 ... 131 132 132]
 [132 132 132 ... 134 135 135]
 ...
 [173 172 171 ... 144 140 140]
 [171 169 169 ... 115 119 123]
 [169 169 169 ... 102 103 103]][[131 131 131 ... 132 131 131]
 [131 130 130 ... 132 132 132]
 [131 131 130 ... 133 133 133]
 ...
 [171 171 172 ... 139 142 143]
 [169 171 171 ... 122 123 125]
 [169 169 171 ... 105 107 105]][[130 130 128 ... 131 131 131]
 [130 130 130 ... 132 131 132]
 [131 131 132 ... 132 132 133]
 ...
 [171 171 169 ... 130 131 136]
 [169 171 171 ... 105 105 102]
 [169 169 169 ... 104 104 104]][[131 130 128 ... 133 133 131]
 [132 130 129 ... 133 133 133]
 [132 132 131 ... 133 133 133]
 ...
 [171 171 171 ... 114 115 115]
 [169 171 171 ... 104 101 100]
 [169 169 169 ... 116 111 111]][[130 130 130 ... 133 132 131]
 [129 129 131 ... 133 133 132]
 [132 132 132 ... 133 135 135]
 ...
 [172 172 171 ... 122 130 133]
 [171 171 169 ... 103 103 103]
 [169 169 169 ... 107 104 103]][[129 129 130 ... 131 130 130]
 [129 129 131 ... 131 131 131]
 [130 131 132 ... 132 132 132]
 ...
 [172 172 171 ... 142 144 145]
 [169 171 169 ... 119 124 130]
 [168 168 169 ... 104 105 103]][[131 129 127 ... 132 132 132]
 [131 131 130 ... 132 132 132]
 [132 132 132 ... 133 133 133]
 ...
 [172 171 169 ... 140 143 144]
 [171 169 168 ... 121 124 129]
 [171 169 168 ... 107 105 105]][[130 130 130 ... 131 130 129]
 [131 131 131 ... 132 131 131]
 [133 132 132 ... 133 135 135]
 ...
 [171 169 169 ... 130 133 138]
 [169 169 169 ... 108 103 105]
 [169 169 169 ... 105 102 102]][[130 130 130 ... 132 131 133]
 [131 131 131 ... 133 132 132]
 [133 133 132 ... 135 132 132]
 ...
 [171 169 169 ... 119 124 126]
 [169 169 168 ... 100 101 103]
 [168 169 169 ... 112 108 107]][[131 131 131 ... 132 132 131]
 [132 132 131 ... 133 132 132]
 [133 133 133 ... 135 133 133]
 ...
 [169 169 169 ... 130 138 143]
 [169 169 169 ... 107 106 108]
 [169 169 168 ... 103 101 101]][[132 132 130 ... 131 131 130]
 [131 130 130 ... 132 132 132]
 [132 132 132 ... 135 133 133]
 ...
 [171 171 171 ... 140 140 142]
 [169 169 169 ... 119 124 128]
 [168 168 169 ... 101 102 101]][[130 130 130 ... 130 131 131]
 [131 131 131 ... 130 131 132]
 [131 131 131 ... 132 133 133]
 ...
 [171 169 169 ... 143 144 144]
 [170 169 169 ... 116 121 124]
 [167 167 169 ... 101 102 100]][[130 129 130 ... 131 131 132]
 [131 130 130 ... 131 132 132]
 [132 131 131 ... 133 133 133]
 ...
 [171 171 169 ... 129 131 136]
 [171 171 169 ... 105 107 104]
 [169 169 169 ... 103 100 100]][[130 131 131 ... 132 132 132]
 [129 130 131 ... 132 132 132]
 [132 132 132 ... 133 133 133]
 ...
 [171 169 169 ... 126 130 135]
 [169 169 169 ... 107 107 107]
 [168 168 168 ... 107 103 104]][[130 131 130 ... 132 132 132]
 [130 130 130 ... 133 133 132]
 [130 130 130 ... 133 133 133]
 ...
 [169 168 169 ... 138 142 140]
 [168 168 168 ... 114 116 119]
 [168 168 168 ... 105 103 102]][[132 131 130 ... 131 130 130]
 [132 132 132 ... 132 131 131]
 [132 133 133 ... 135 135 135]
 ...
 [171 171 169 ... 139 140 143]
 [169 171 169 ... 122 124 126]
 [169 169 169 ... 104 107 104]][[131 131 131 ... 133 133 132]
 [132 132 132 ... 132 133 132]
 [135 133 133 ... 133 135 133]
 ...
 [171 171 171 ... 139 138 140]
 [169 171 169 ... 115 117 118]
 [169 169 168 ... 102 102 103]][[130 131 131 ... 128 128 131]
 [131 131 131 ... 131 131 131]
 [131 131 131 ... 132 131 131]
 ...
 [171 169 169 ... 128 133 133]
 [169 168 168 ... 104 107 109]
 [168 168 167 ... 104 105 107]][[131 130 128 ... 132 132 133]
 [132 131 131 ... 133 133 133]
 [132 132 132 ... 136 135 135]
 ...
 [171 171 171 ... 132 134 136]
 [168 168 168 ... 105 105 103]
 [168 168 168 ... 104 102 101]][[130 131 131 ... 133 133 133]
 [131 131 131 ... 133 133 133]
 [132 132 132 ... 135 135 133]
 ...
 [172 169 168 ... 139 139 142]
 [171 169 168 ... 117 117 119]
 [169 169 168 ... 101 102 101]][[130 130 130 ... 133 133 132]
 [131 131 131 ... 135 135 133]
 [132 132 132 ... 135 135 133]
 ...
 [172 170 169 ... 137 140 142]
 [170 170 168 ... 124 125 131]
 [169 168 168 ... 102 102 103]][[131 130 129 ... 131 131 132]
 [131 131 130 ... 132 132 131]
 [131 132 132 ... 133 132 132]
 ...
 [169 169 168 ... 137 139 143]
 [168 168 168 ... 111 110 112]
 [168 168 168 ... 106 103 102]][[130 130 130 ... 131 131 132]
 [131 132 132 ... 131 131 132]
 [132 133 133 ... 132 133 135]
 ...
 [169 171 171 ... 119 125 132]
 [169 170 169 ... 104 102 103]
 [169 169 168 ... 110 108 107]][[130 130 130 ... 130 130 131]
 [131 131 130 ... 130 131 131]
 [133 132 131 ... 131 131 134]
 ...
 [171 171 171 ... 125 130 137]
 [171 169 169 ... 104 105 102]
 [168 168 168 ... 107 101 101]][[131 131 131 ... 131 131 132]
 [131 131 131 ... 132 132 133]
 [130 130 130 ... 135 135 135]
 ...
 [169 169 169 ... 140 140 143]
 [169 169 169 ... 115 119 122]
 [168 168 168 ... 102 102 102]][[131 131 131 ... 132 130 132]
 [131 131 132 ... 133 132 132]
 [132 135 135 ... 137 136 135]
 ...
 [169 169 169 ... 138 140 142]
 [168 168 168 ... 121 125 130]
 [167 167 167 ... 103 103 101]][[130 130 130 ... 132 133 132]
 [130 131 131 ... 132 132 132]
 [132 132 132 ... 133 133 133]
 ...
 [169 171 169 ... 132 138 143]
 [169 169 168 ... 102 102 107]
 [169 169 168 ... 102 101 100]][[130 131 131 ... 133 133 132]
 [131 132 132 ... 133 133 133]
 [132 132 133 ... 133 135 133]
 ...
 [171 169 169 ... 121 128 131]
 [169 169 168 ... 105 103 105]
 [168 168 167 ... 105 104 105]][[131 130 130 ... 132 132 131]
 [132 132 132 ... 133 133 132]
 [132 132 132 ... 135 135 135]
 ...
 [169 169 168 ... 136 139 142]
 [169 169 168 ... 107 108 114]
 [168 168 167 ... 102 101 102]][[131 131 130 ... 133 132 132]
 [131 131 131 ... 133 132 132]
 [132 132 132 ... 135 132 131]
 ...
 [171 171 169 ... 139 142 142]
 [171 169 168 ... 122 124 130]
 [169 168 167 ... 100 103 105]][[131 130 130 ... 132 133 133]
 [132 132 131 ... 132 132 133]
 [133 133 132 ... 133 132 133]
 ...
 [171 171 169 ... 140 143 144]
 [171 169 169 ... 117 118 123]
 [169 169 169 ... 105 104 103]][[131 131 131 ... 130 131 130]
 [132 132 131 ... 133 130 130]
 [132 132 131 ... 133 131 130]
 ...
 [168 169 169 ... 130 132 136]
 [168 169 168 ... 103 102 105]
 [168 168 168 ... 101 102 105]][[132 131 130 ... 132 132 131]
 [132 132 132 ... 133 132 131]
 [133 133 133 ... 135 133 133]
 ...
 [171 171 169 ... 132 136 139]
 [171 171 169 ... 105 107 108]
 [169 168 167 ... 102 101 101]][[130 130 130 ... 132 132 131]
 [132 131 130 ... 132 132 131]
 [133 132 132 ... 133 133 133]
 ...
 [169 169 169 ... 137 139 143]
 [168 168 168 ... 117 119 122]
 [168 168 168 ... 102 104 102]][[130 129 128 ... 132 132 131]
 [131 131 130 ... 133 132 132]
 [132 132 132 ... 135 135 133]
 ...
 [169 169 169 ... 139 143 144]
 [169 168 167 ... 119 123 126]
 [168 168 167 ... 104 102 102]][[131 130 130 ... 130 130 132]
 [131 130 129 ... 132 133 132]
 [132 131 131 ... 135 135 133]
 ...
 [171 171 171 ... 138 140 143]
 [169 169 169 ... 112 112 118]
 [169 169 168 ... 103 101 102]][[130 131 130 ... 131 131 132]
 [131 131 131 ... 132 132 133]
 [132 131 131 ... 133 132 132]
 ...
 [169 169 169 ... 136 139 139]
 [169 169 169 ... 111 111 115]
 [168 169 169 ... 103 103 103]][[130 131 131 ... 130 131 131]
 [131 132 131 ... 131 131 132]
 [133 133 132 ... 131 132 133]
 ...
 [169 169 169 ... 146 146 143]
 [169 169 168 ... 115 118 122]
 [168 168 168 ... 102 102 100]][[131 131 131 ... 132 132 131]
 [132 132 132 ... 132 133 132]
 [133 133 133 ... 135 135 133]
 ...
 [171 171 169 ... 139 140 143]
 [169 169 169 ... 118 122 124]
 [168 169 169 ... 104 101  97]][[131 131 131 ... 132 132 132]
 [131 132 132 ... 133 133 133]
 [132 132 132 ... 135 136 135]
 ...
 [171 171 169 ... 137 140 145]
 [169 169 168 ... 107 109 111]
 [168 169 168 ... 102 101 101]][[130 130 130 ... 132 131 131]
 [131 131 130 ... 132 132 133]
 [130 130 130 ... 134 135 135]
 ...
 [169 169 169 ... 131 137 139]
 [169 168 168 ... 105 102 108]
 [168 168 168 ... 104  98  98]][[131 130 130 ... 131 131 133]
 [132 132 132 ... 133 133 135]
 [133 133 133 ... 135 136 135]
 ...
 [171 172 172 ... 135 140 143]
 [169 169 169 ... 101 102 107]
 [168 168 168 ... 102 102 102]][[129 130 130 ... 132 132 132]
 [131 131 131 ... 132 132 132]
 [131 131 131 ... 135 135 133]
 ...
 [171 171 169 ... 131 138 140]
 [168 169 168 ... 107 107 109]
 [168 168 167 ... 104 101 102]][[127 128 129 ... 131 131 132]
 [130 131 129 ... 133 135 133]
 [135 133 132 ... 136 136 135]
 ...
 [169 168 168 ... 131 132 136]
 [169 169 168 ... 107 108 107]
 [168 168 168 ... 104 102 101]][[130 131 130 ... 135 132 131]
 [129 130 131 ... 135 133 132]
 [133 133 133 ... 135 135 133]
 ...
 [171 171 171 ... 137 140 142]
 [171 169 168 ... 104 109 115]
 [169 168 167 ... 102  98  98]][[131 130 128 ... 132 132 132]
 [132 131 130 ... 133 133 133]
 [135 133 132 ... 135 133 133]
 ...
 [169 168 168 ... 137 141 143]
 [169 169 168 ... 109 115 119]
 [169 169 168 ... 103 101 102]][[132 131 131 ... 129 130 131]
 [132 132 131 ... 131 131 132]
 [133 132 132 ... 135 135 135]
 ...
 [169 169 169 ... 138 140 145]
 [168 168 168 ... 108 109 110]
 [168 168 168 ... 103 100  96]][[131 130 130 ... 135 135 132]
 [131 131 131 ... 133 133 132]
 [131 133 132 ... 133 133 133]
 ...
 [169 169 169 ... 137 138 143]
 [168 169 169 ... 105 108 110]
 [168 168 169 ... 102 101 100]][[132 132 132 ... 131 131 131]
 [132 132 131 ... 131 132 131]
 [131 131 131 ... 131 132 132]
 ...
 [169 169 169 ... 135 138 140]
 [168 168 168 ... 107 108 111]
 [169 168 167 ... 103 100  98]][[128 130 130 ... 131 131 131]
 [131 131 130 ... 132 131 131]
 [131 131 131 ... 135 133 133]
 ...
 [169 169 169 ... 137 143 145]
 [168 168 168 ... 102 109 118]
 [167 168 167 ... 100  97  94]][[132 131 131 ... 131 131 130]
 [132 132 132 ... 132 131 131]
 [133 133 133 ... 133 133 133]
 ...
 [169 169 168 ... 142 142 144]
 [169 168 168 ... 110 116 119]
 [168 168 167 ...  98  97  95]][[131 131 131 ... 132 131 132]
 [132 131 132 ... 132 132 132]
 [132 132 132 ... 135 133 133]
 ...
 [169 169 169 ... 138 140 142]
 [169 169 168 ... 105 108 111]
 [168 168 168 ... 100  98 100]][[130 128 128 ... 130 130 132]
 [131 130 130 ... 131 131 132]
 [135 133 132 ... 132 133 133]
 ...
 [169 171 171 ... 136 142 142]
 [169 169 169 ... 105 110 112]
 [169 169 168 ... 103 104 105]][[130 130 131 ... 131 131 133]
 [132 132 132 ... 130 132 133]
 [133 133 133 ... 132 133 133]
 ...
 [171 169 169 ... 137 143 144]
 [169 169 168 ... 104 108 116]
 [169 168 167 ... 101 102 103]][[131 131 131 ... 131 131 132]
 [132 132 132 ... 132 133 135]
 [132 132 133 ... 135 136 136]
 ...
 [169 169 169 ... 138 139 145]
 [168 169 169 ... 107 108 110]
 [168 168 168 ... 101  98  97]][[130 131 131 ... 132 133 131]
 [131 131 131 ... 132 132 132]
 [132 132 130 ... 133 133 133]
 ...
 [172 169 169 ... 138 143 147]
 [171 169 169 ... 114 116 119]
 [169 169 168 ... 102 102 101]][[130 131 131 ... 132 132 132]
 [130 131 132 ... 132 132 131]
 [132 132 132 ... 132 132 133]
 ...
 [171 169 169 ... 136 143 140]
 [169 168 168 ... 107 111 117]
 [169 168 168 ... 104 102 104]][[130 131 131 ... 131 131 131]
 [131 132 132 ... 132 132 132]
 [133 135 133 ... 133 133 135]
 ...
 [171 171 171 ... 133 139 144]
 [171 169 169 ... 104 105 110]
 [168 168 168 ... 101 100 100]][[131 132 130 ... 132 131 132]
 [132 132 132 ... 132 132 132]
 [132 133 133 ... 133 133 132]
 ...
 [169 169 169 ... 136 139 143]
 [168 168 168 ... 103 109 112]
 [168 168 168 ... 100 101 102]][[127 127 128 ... 130 130 131]
 [129 130 131 ... 132 132 133]
 [129 131 132 ... 135 135 136]
 ...
 [171 172 171 ... 138 142 144]
 [171 173 171 ... 108 111 116]
 [169 169 169 ... 102 101 101]][[131 131 128 ... 131 131 131]
 [132 132 130 ... 133 132 132]
 [132 133 133 ... 135 135 135]
 ...
 [168 168 169 ... 135 138 139]
 [168 168 168 ... 109 110 116]
 [168 168 168 ... 100  98 101]][[131 131 130 ... 131 130 128]
 [131 132 132 ... 132 131 130]
 [131 132 132 ... 133 133 132]
 ...
 [169 169 169 ... 134 142 140]
 [169 169 169 ... 103 104 110]
 [168 168 168 ... 103 102 102]][[131 130 130 ... 131 132 132]
 [131 131 131 ... 132 132 133]
 [132 132 131 ... 135 135 135]
 ...
 [171 171 169 ... 131 137 139]
 [169 169 169 ... 104 105 111]
 [169 168 168 ... 101  98 101]][[129 130 132 ... 132 133 131]
 [130 131 132 ... 133 133 132]
 [132 132 132 ... 135 135 135]
 ...
 [169 171 169 ... 135 138 142]
 [169 169 169 ... 107 111 117]
 [168 168 168 ... 105 105 105]][[128 129 130 ... 132 132 131]
 [130 131 131 ... 131 132 132]
 [132 135 135 ... 133 135 135]
 ...
 [169 169 169 ... 137 137 138]
 [169 168 168 ... 115 117 117]
 [168 167 168 ... 107 107 105]][[130 132 132 ... 132 132 133]
 [131 132 132 ... 131 132 133]
 [132 133 133 ... 131 132 133]
 ...
 [171 171 169 ... 139 145 145]
 [168 169 169 ... 103 109 116]
 [168 168 168 ... 103 103 103]][[130 130 131 ... 132 132 131]
 [131 132 132 ... 132 133 132]
 [131 132 133 ... 135 135 135]
 ...
 [171 169 168 ... 132 136 138]
 [169 168 168 ... 104 105 109]
 [168 167 167 ... 102 102 105]][[128 128 125 ... 132 133 131]
 [131 130 129 ... 132 132 132]
 [132 131 131 ... 135 135 135]
 ...
 [169 169 169 ... 135 138 140]
 [169 169 169 ... 109 109 110]
 [169 169 168 ... 105 102 101]][[129 129 129 ... 132 132 132]
 [129 129 130 ... 132 133 133]
 [129 130 131 ... 133 135 133]
 ...
 [169 169 169 ... 139 144 143]
 [169 169 168 ... 112 118 122]
 [168 169 168 ... 103 103 103]][[128 128 129 ... 130 131 132]
 [130 130 131 ... 131 131 132]
 [132 135 132 ... 132 133 133]
 ...
 [169 169 168 ... 137 137 142]
 [169 168 168 ... 111 115 117]
 [167 168 168 ... 102 104 104]][[131 132 131 ... 133 133 133]
 [131 132 131 ... 132 133 132]
 [130 131 131 ... 133 133 133]
 ...
 [169 169 169 ... 130 133 140]
 [169 169 169 ... 107 107 110]
 [168 168 167 ... 102 101 101]][[132 131 130 ... 130 130 131]
 [132 132 131 ... 131 132 132]
 [135 133 132 ... 132 132 132]
 ...
 [169 171 169 ... 129 138 142]
 [169 169 168 ... 101 103 109]
 [168 168 167 ... 102 103 103]][[132 130 128 ... 130 130 130]
 [132 131 131 ... 132 132 132]
 [132 131 131 ... 135 133 133]
 ...
 [169 169 171 ... 138 139 144]
 [169 168 169 ... 105 108 110]
 [167 167 168 ... 101 101 101]][[131 129 128 ... 131 131 132]
 [131 130 131 ... 132 132 132]
 [131 132 132 ... 133 133 135]
 ...
 [169 169 169 ... 142 143 144]
 [169 169 168 ... 111 118 119]
 [168 168 168 ... 100  98  96]][[130 130 130 ... 133 132 132]
 [131 131 129 ... 135 133 133]
 [132 131 131 ... 135 135 135]
 ...
 [169 169 169 ... 138 142 143]
 [169 169 168 ... 109 115 119]
 [167 168 167 ... 100 102 103]][[131 131 131 ... 129 131 132]
 [131 132 130 ... 131 131 132]
 [132 133 132 ... 135 135 133]
 ...
 [168 168 168 ... 133 138 143]
 [168 168 168 ... 104 106 113]
 [167 167 168 ... 102  98 100]][[132 131 131 ... 132 132 133]
 [132 132 132 ... 132 132 133]
 [133 133 133 ... 132 133 133]
 ...
 [169 169 168 ... 135 138 139]
 [168 168 168 ... 107 108 112]
 [168 168 168 ... 101  98  98]][[130 130 131 ... 131 132 133]
 [131 131 131 ... 131 132 133]
 [130 131 131 ... 133 135 135]
 ...
 [169 169 169 ... 137 139 144]
 [168 168 168 ... 109 111 115]
 [168 168 168 ... 103 104 103]][[131 129 127 ... 131 131 131]
 [131 130 128 ... 131 131 132]
 [133 132 131 ... 133 133 135]
 ...
 [171 171 171 ... 142 146 140]
 [169 171 169 ... 111 117 119]
 [169 168 168 ... 103 103 103]][[130 131 131 ... 131 131 131]
 [131 132 132 ... 132 132 132]
 [133 133 133 ... 134 133 133]
 ...
 [171 171 169 ... 135 138 143]
 [169 171 169 ... 107 110 116]
 [168 168 168 ... 101 100 101]][[130 130 130 ... 132 131 130]
 [130 130 130 ... 133 132 131]
 [133 131 131 ... 135 133 132]
 ...
 [169 169 169 ... 138 142 140]
 [168 169 169 ... 104 109 118]
 [169 168 168 ... 104 104 105]][[131 132 132 ... 132 132 131]
 [130 131 132 ... 133 133 132]
 [130 131 133 ... 136 136 135]
 ...
 [171 171 171 ... 138 138 138]
 [168 169 168 ... 107 110 114]
 [168 168 168 ... 105 103 102]][[129 130 129 ... 131 132 132]
 [130 131 129 ... 132 132 131]
 [132 132 131 ... 135 133 133]
 ...
 [169 171 169 ... 137 144 145]
 [169 169 169 ... 112 115 118]
 [168 168 168 ... 103 101  97]][[132 130 130 ... 131 132 132]
 [131 130 130 ... 131 132 133]
 [132 132 132 ... 133 133 136]
 ...
 [169 169 169 ... 139 142 143]
 [168 169 169 ... 111 116 121]
 [168 169 169 ... 101 102 102]][[130 130 130 ... 131 131 131]
 [131 131 130 ... 132 133 133]
 [133 133 131 ... 135 135 136]
 ...
 [169 169 169 ... 136 140 145]
 [169 169 169 ... 107 108 110]
 [168 169 168 ... 102 102 101]][[132 131 131 ... 132 133 133]
 [131 131 131 ... 133 133 133]
 [131 131 131 ... 135 133 133]
 ...
 [169 169 169 ... 132 137 143]
 [168 169 169 ... 108 108 111]
 [168 171 170 ... 104 103 102]][[130 130 130 ... 131 131 131]
 [130 130 131 ... 132 132 133]
 [131 133 133 ... 133 135 135]
 ...
 [168 168 168 ... 136 139 145]
 [168 168 168 ... 107 108 112]
 [168 168 168 ...  97  98 100]][[128 129 130 ... 132 132 132]
 [131 131 131 ... 133 133 132]
 [133 133 132 ... 133 133 133]
 ...
 [171 171 169 ... 138 142 143]
 [169 169 169 ... 107 109 115]
 [168 168 168 ... 102 101 102]][[128 129 130 ... 132 132 132]
 [130 131 130 ... 132 132 132]
 [132 131 132 ... 133 133 132]
 ...
 [169 169 169 ... 136 140 140]
 [169 168 168 ... 108 111 118]
 [168 168 168 ... 101 101 101]][[132 131 129 ... 132 133 131]
 [132 133 132 ... 132 132 132]
 [133 133 133 ... 135 133 135]
 ...
 [169 169 169 ... 137 144 146]
 [169 169 169 ... 105 109 111]
 [167 168 168 ... 101 100 101]][[130 130 131 ... 132 132 132]
 [131 131 131 ... 132 133 132]
 [131 131 132 ... 133 133 132]
 ...
 [169 169 169 ... 133 138 143]
 [168 169 169 ... 103 103 108]
 [168 169 168 ... 102 101 101]][[132 131 130 ... 130 130 131]
 [133 132 131 ... 131 132 133]
 [135 136 133 ... 133 133 133]
 ...
 [171 172 172 ... 137 140 145]
 [171 171 169 ... 101 104 110]
 [171 171 169 ... 100 101 102]][[132 131 130 ... 131 132 133]
 [132 131 130 ... 132 132 133]
 [133 132 132 ... 133 133 133]
 ...
 [171 172 171 ... 138 143 142]
 [169 171 171 ... 108 111 114]
 [168 169 169 ... 104 102 100]][[131 132 130 ... 131 131 130]
 [131 132 131 ... 131 131 131]
 [131 132 133 ... 132 133 132]
 ...
 [169 171 169 ... 137 139 142]
 [169 169 168 ... 107 109 112]
 [168 168 167 ... 104 102 102]][[130 130 129 ... 131 131 131]
 [131 131 131 ... 132 132 131]
 [132 132 133 ... 132 132 132]
 ...
 [169 169 168 ... 131 136 143]
 [168 168 167 ... 108 103 105]
 [168 168 167 ... 101  98  98]][[129 130 130 ... 130 130 131]
 [130 130 130 ... 131 132 132]
 [131 132 131 ... 135 133 133]
 ...
 [171 171 171 ... 131 133 137]
 [168 169 169 ... 107 104 104]
 [168 168 168 ... 101 100  98]][[130 129 128 ... 135 133 133]
 [131 130 130 ... 133 133 133]
 [132 131 131 ... 135 133 135]
 ...
 [169 169 169 ... 129 136 139]
 [168 169 169 ... 105 103 109]
 [168 168 168 ... 102 101 101]][[131 132 132 ... 130 132 132]
 [131 132 132 ... 132 131 131]
 [131 133 133 ... 133 135 135]
 ...
 [168 168 168 ... 137 140 144]
 [168 167 167 ... 108 110 111]
 [167 167 167 ... 102 102 101]][[132 131 129 ... 132 132 132]
 [132 131 129 ... 132 132 132]
 [131 131 131 ... 132 132 131]
 ...
 [169 169 168 ... 135 138 142]
 [168 169 168 ... 107 107 105]
 [168 169 169 ... 101 101 101]][[130 130 130 ... 132 132 131]
 [131 131 130 ... 132 132 132]
 [131 130 131 ... 133 133 133]
 ...
 [169 169 169 ... 126 129 132]
 [168 168 168 ... 104 105 104]
 [167 167 168 ... 105 103 101]][[130 130 130 ... 132 132 133]
 [132 131 131 ... 133 133 133]
 [135 133 133 ... 135 135 133]
 ...
 [172 171 171 ... 123 129 131]
 [169 169 169 ... 104 103 105]
 [168 168 168 ... 105 103 103]][[132 131 128 ... 131 133 131]
 [132 131 130 ... 133 133 131]
 [132 132 131 ... 135 135 135]
 ...
 [169 169 171 ... 132 133 136]
 [168 169 169 ... 108 109 108]
 [168 168 169 ... 105 104 105]][[130 129 128 ... 133 132 132]
 [131 131 131 ... 133 133 132]
 [133 132 131 ... 135 135 135]
 ...
 [169 169 169 ... 138 142 140]
 [169 168 167 ... 108 111 116]
 [168 167 167 ... 104 101 100]][[131 130 130 ... 131 131 131]
 [131 130 130 ... 131 131 131]
 [132 133 133 ... 132 132 132]
 ...
 [171 169 171 ... 137 140 146]
 [168 169 169 ... 108 109 115]
 [168 168 168 ... 100 100 101]][[130 130 130 ... 132 133 133]
 [130 130 131 ... 133 133 133]
 [131 131 131 ... 135 133 133]
 ...
 [169 169 168 ... 137 139 144]
 [169 169 168 ... 104 108 112]
 [169 169 168 ... 100  98  99]][[132 132 130 ... 132 132 131]
 [131 131 131 ... 132 132 131]
 [131 131 131 ... 132 132 132]
 ...
 [171 171 171 ... 133 137 143]
 [169 169 169 ... 110 108 111]
 [167 168 168 ... 103  98  98]][[131 131 131 ... 131 131 131]
 [132 132 131 ... 131 132 133]
 [133 133 132 ... 135 135 135]
 ...
 [169 169 169 ... 137 142 144]
 [169 169 169 ... 112 112 119]
 [168 168 168 ... 102 102 104]][[127 128 131 ... 132 133 133]
 [129 130 131 ... 132 131 132]
 [132 132 132 ... 132 132 132]
 ...
 [171 169 169 ... 136 138 142]
 [169 169 169 ... 110 114 116]
 [169 169 168 ... 103 101 101]][[132 132 131 ... 132 131 129]
 [132 132 132 ... 132 131 130]
 [132 132 132 ... 132 134 134]
 ...
 [169 168 168 ... 144 144 143]
 [169 168 168 ... 108 110 112]
 [167 168 168 ... 101 101 101]][[130 130 130 ... 131 132 131]
 [131 131 131 ... 132 131 132]
 [132 131 132 ... 133 133 133]
 ...
 [169 171 171 ... 140 139 142]
 [168 169 169 ... 100 104 112]
 [168 168 168 ... 102 101 101]][[130 130 130 ... 132 132 132]
 [130 130 132 ... 132 132 132]
 [132 132 132 ... 133 133 132]
 ...
 [171 171 169 ... 136 138 143]
 [169 169 168 ... 108 110 115]
 [168 168 168 ... 101 103 103]][[131 130 131 ... 132 131 131]
 [131 131 131 ... 132 131 131]
 [132 132 132 ... 132 132 133]
 ...
 [171 169 169 ... 137 139 146]
 [168 168 168 ... 112 115 115]
 [168 168 168 ... 105 102 102]][[131 130 129 ... 132 132 132]
 [131 130 131 ... 133 133 135]
 [130 131 132 ... 135 135 136]
 ...
 [169 169 169 ... 138 140 144]
 [168 169 169 ... 110 111 117]
 [168 168 168 ... 105 104 103]][[131 130 130 ... 132 132 131]
 [131 131 131 ... 133 132 133]
 [132 132 132 ... 133 133 135]
 ...
 [169 169 168 ... 137 139 142]
 [168 167 167 ... 105 105 117]
 [167 167 167 ... 103 102 103]][[129 129 130 ... 131 131 132]
 [132 131 131 ... 131 131 132]
 [132 133 133 ... 132 131 132]
 ...
 [169 169 169 ... 132 136 139]
 [169 169 168 ... 111 115 114]
 [169 168 168 ... 105 105 105]][[131 130 130 ... 132 132 132]
 [132 132 132 ... 132 132 132]
 [133 133 133 ... 132 133 133]
 ...
 [169 169 169 ... 137 138 144]
 [168 169 169 ... 110 114 112]
 [168 169 169 ... 105 104 103]][[130 131 131 ... 129 129 130]
 [131 131 131 ... 131 131 131]
 [132 132 132 ... 132 131 131]
 ...
 [169 168 167 ... 138 142 145]
 [168 167 167 ... 110 111 116]
 [167 167 167 ... 102 101  98]][[132 131 131 ... 131 131 132]
 [132 131 131 ... 132 131 131]
 [132 132 132 ... 132 132 132]
 ...
 [171 171 169 ... 137 139 143]
 [169 169 169 ... 107 109 112]
 [168 168 168 ... 101  98  95]][[131 132 132 ... 132 131 130]
 [132 132 132 ... 132 132 132]
 [132 132 132 ... 135 135 133]
 ...
 [171 171 171 ... 138 143 144]
 [169 169 169 ... 107 114 115]
 [168 169 168 ... 102  97  98]][[130 129 128 ... 133 133 133]
 [129 129 130 ... 133 133 135]
 [132 132 131 ... 133 133 135]
 ...
 [169 169 169 ... 138 140 145]
 [169 169 169 ... 104 108 112]
 [167 168 168 ... 101 101 101]][[130 130 131 ... 130 131 130]
 [131 131 131 ... 131 131 132]
 [132 131 131 ... 133 133 135]
 ...
 [171 169 169 ... 137 142 142]
 [171 169 169 ... 111 113 119]
 [169 169 168 ... 101 101 103]][[128 129 130 ... 130 129 130]
 [131 131 131 ... 132 132 132]
 [133 133 132 ... 133 132 132]
 ...
 [171 169 169 ... 139 143 147]
 [169 169 168 ... 110 116 118]
 [169 168 167 ... 101 102 103]][[128 128 126 ... 129 130 130]
 [131 131 129 ... 130 130 131]
 [132 132 131 ... 132 132 133]
 ...
 [169 169 168 ... 136 139 144]
 [169 169 168 ... 107 107 111]
 [168 169 168 ... 101 100 100]][[131 131 131 ... 132 131 132]
 [130 130 131 ... 133 133 133]
 [131 131 132 ... 135 135 136]
 ...
 [171 169 169 ... 137 140 143]
 [171 169 169 ... 108 108 110]
 [169 169 169 ... 102 100 100]][[129 129 130 ... 131 133 132]
 [131 131 131 ... 135 135 133]
 [132 132 132 ... 136 136 135]
 ...
 [169 169 169 ... 133 139 142]
 [168 168 168 ... 105 110 112]
 [168 168 167 ... 100 101 102]][[130 131 131 ... 129 130 130]
 [131 132 132 ... 133 132 131]
 [132 133 133 ... 136 136 135]
 ...
 [171 169 169 ... 140 139 140]
 [169 168 168 ... 109 110 115]
 [168 168 168 ... 102 101 104]][[131 131 132 ... 131 131 131]
 [130 131 132 ... 135 133 132]
 [133 133 133 ... 136 136 133]
 ...
 [171 171 171 ... 139 144 143]
 [168 168 168 ... 107 111 117]
 [168 168 168 ... 103 100  98]][[130 131 131 ... 131 130 130]
 [131 131 131 ... 130 130 131]
 [132 132 132 ... 132 132 134]
 ...
 [168 169 168 ... 132 137 140]
 [168 169 168 ... 108 109 112]
 [168 168 167 ... 101  99 101]][[131 130 130 ... 131 131 133]
 [131 131 130 ... 131 132 132]
 [133 133 132 ... 133 135 135]
 ...
 [168 169 171 ... 136 140 144]
 [168 168 168 ... 105 108 111]
 [167 168 168 ... 100  99 101]][[130 130 129 ... 131 131 130]
 [131 132 131 ... 132 131 131]
 [132 133 133 ... 132 132 132]
 ...
 [169 169 168 ... 135 138 142]
 [168 168 168 ... 108 111 114]
 [168 168 168 ... 102 101 100]][[128 130 130 ... 132 131 131]
 [131 131 131 ... 132 132 133]
 [135 132 132 ... 133 133 135]
 ...
 [169 168 169 ... 140 145 147]
 [169 169 169 ... 109 115 116]
 [168 171 169 ... 100  98  98]][[130 128 128 ... 132 133 133]
 [131 131 130 ... 133 133 132]
 [135 133 131 ... 135 135 133]
 ...
 [172 171 169 ... 138 140 143]
 [169 169 168 ... 109 110 111]
 [168 168 167 ... 105 103 102]][[131 130 130 ... 132 135 133]
 [131 131 131 ... 132 133 133]
 [132 133 133 ... 133 135 135]
 ...
 [169 169 169 ... 138 138 142]
 [169 169 168 ... 105 108 111]
 [169 169 168 ... 103 102 102]][[130 130 131 ... 131 132 132]
 [131 131 131 ... 132 132 132]
 [132 133 133 ... 133 133 135]
 ...
 [169 169 169 ... 137 139 139]
 [169 169 169 ... 108 115 117]
 [169 169 169 ... 102 101 102]][[130 130 130 ... 131 131 132]
 [131 131 131 ... 133 133 133]
 [132 132 133 ... 133 133 133]
 ...
 [169 169 169 ... 137 140 140]
 [169 169 169 ... 105 110 116]
 [168 169 169 ... 103 102 102]][[130 131 130 ... 132 132 131]
 [131 131 130 ... 132 131 131]
 [131 131 131 ... 132 132 132]
 ...
 [172 169 168 ... 138 140 142]
 [169 168 168 ... 108 109 114]
 [168 168 168 ... 104 101 100]][[130 128 130 ... 132 133 131]
 [130 129 130 ... 132 132 131]
 [133 132 131 ... 132 132 132]
 ...
 [171 169 168 ... 129 132 138]
 [169 168 168 ... 104 102 102]
 [168 168 168 ... 102 100 100]][[132 130 130 ... 131 131 131]
 [132 131 131 ... 132 132 131]
 [132 133 133 ... 134 135 133]
 ...
 [169 169 169 ... 128 132 133]
 [169 168 168 ... 107 108 104]
 [168 168 167 ... 105 102 104]][[131 132 131 ... 132 132 132]
 [132 133 131 ... 132 132 133]
 [133 133 133 ... 133 133 135]
 ...
 [171 169 169 ... 138 140 143]
 [169 171 169 ... 108 115 118]
 [168 169 169 ... 102 101 102]][[131 131 131 ... 133 133 133]
 [132 131 131 ... 132 133 133]
 [132 132 132 ... 135 135 135]
 ...
 [169 169 171 ... 143 142 144]
 [168 168 168 ... 118 124 129]
 [168 167 167 ... 101 101  97]][[130 131 131 ... 131 131 131]
 [130 131 132 ... 132 131 131]
 [133 133 131 ... 133 133 133]
 ...
 [169 169 168 ... 135 139 144]
 [168 168 167 ... 107 104 112]
 [169 167 167 ... 102 101 101]][[131 131 131 ... 132 132 132]
 [132 132 132 ... 132 133 132]
 [132 133 133 ... 132 135 135]
 ...
 [169 169 168 ... 124 130 133]
 [169 168 168 ... 107 108 108]
 [168 168 168 ... 105 102 103]][[131 131 130 ... 132 131 131]
 [131 130 130 ... 132 131 130]
 [132 131 132 ... 132 132 132]
 ...
 [171 169 169 ... 130 132 139]
 [169 169 169 ... 108 108 108]
 [168 168 168 ... 105 103 103]][[130 128 125 ... 131 131 132]
 [131 131 130 ... 132 131 132]
 [132 132 135 ... 133 133 133]
 ...
 [169 169 169 ... 139 144 147]
 [169 169 168 ... 111 112 119]
 [169 168 168 ... 102 101 101]][[131 132 131 ... 133 133 135]
 [132 132 131 ... 132 132 133]
 [133 132 132 ... 132 131 132]
 ...
 [169 169 168 ... 140 140 142]
 [169 168 168 ... 114 117 122]
 [168 168 167 ... 105 104 102]][[130 131 131 ... 132 130 130]
 [132 133 132 ... 132 132 132]
 [133 133 133 ... 132 132 133]
 ...
 [169 169 168 ... 133 139 142]
 [167 169 168 ... 105 110 114]
 [167 167 168 ... 102 102 101]][[129 129 131 ... 131 131 131]
 [130 130 131 ... 132 131 132]
 [131 131 132 ... 133 132 135]
 ...
 [169 169 169 ... 126 131 137]
 [168 168 168 ... 108 109 108]
 [167 168 167 ... 107 104 102]][[128 129 130 ... 132 132 131]
 [131 131 132 ... 133 133 133]
 [133 133 133 ... 135 135 133]
 ...
 [168 169 169 ... 137 140 142]
 [168 169 169 ... 108 110 115]
 [168 168 169 ... 104 105 104]][[130 129 130 ... 132 131 132]
 [131 130 130 ... 131 132 132]
 [132 131 131 ... 131 133 133]
 ...
 [169 169 169 ... 144 143 144]
 [169 169 169 ... 119 122 128]
 [168 168 168 ... 103 103 101]][[131 131 131 ... 131 131 131]
 [131 131 131 ... 132 132 132]
 [131 131 132 ... 133 133 133]
 ...
 [171 169 168 ... 138 140 144]
 [169 168 168 ... 118 121 124]
 [167 167 167 ... 102 103 101]][[131 131 130 ... 132 132 131]
 [130 130 131 ... 133 132 131]
 [130 131 132 ... 133 133 132]
 ...
 [169 169 169 ... 130 138 142]
 [169 168 168 ... 109 108 109]
 [169 169 168 ... 105 102 100]][[130 130 131 ... 132 133 133]
 [131 131 131 ... 133 133 132]
 [132 133 132 ... 135 135 133]
 ...
 [169 169 169 ... 128 133 138]
 [169 169 169 ... 104 102 104]
 [168 168 168 ... 101 100 101]][[128 131 132 ... 131 132 133]
 [130 132 132 ... 132 133 133]
 [132 133 133 ... 135 135 133]
 ...
 [172 172 169 ... 135 142 144]
 [168 168 168 ... 110 111 117]
 [167 167 168 ... 103 101 101]][[133 132 131 ... 131 132 132]
 [133 132 132 ... 131 132 132]
 [133 132 133 ... 134 132 132]
 ...
 [169 169 171 ... 142 142 143]
 [169 168 169 ... 117 121 126]
 [169 168 168 ... 101  97  98]][[131 131 131 ... 131 131 132]
 [131 132 132 ... 131 132 133]
 [132 133 133 ... 133 133 133]
 ...
 [170 170 168 ... 138 138 139]
 [169 169 168 ... 108 108 114]
 [168 168 167 ... 102 101 101]][[131 131 131 ... 132 132 132]
 [131 132 131 ... 132 133 133]
 [132 132 132 ... 136 136 135]
 ...
 [169 169 169 ... 126 130 130]
 [168 168 169 ... 102 106 109]
 [168 168 167 ... 107 107 107]][[131 131 131 ... 131 132 132]
 [131 131 131 ... 133 133 133]
 [133 132 132 ... 135 135 133]
 ...
 [168 168 168 ... 125 129 131]
 [168 168 168 ... 102 105 108]
 [168 168 168 ... 106 105 107]][[131 131 131 ... 132 132 132]
 [132 132 132 ... 133 133 133]
 [131 131 131 ... 136 135 133]
 ...
 [169 169 169 ... 138 138 140]
 [171 169 169 ... 114 118 119]
 [169 169 169 ... 103 103 103]][[130 129 128 ... 131 131 131]
 [130 130 131 ... 132 132 133]
 [132 132 132 ... 135 135 135]
 ...
 [171 169 169 ... 142 143 143]
 [169 168 168 ... 128 132 136]
 [168 167 167 ... 103 108 108]][[131 131 128 ... 130 130 130]
 [130 131 131 ... 130 129 130]
 [131 132 132 ... 132 132 132]
 ...
 [169 169 169 ... 139 140 141]
 [169 169 168 ... 118 121 123]
 [168 168 167 ... 104 104 105]][[130 130 129 ... 128 126 128]
 [131 131 130 ... 131 130 129]
 [132 131 131 ... 132 132 131]
 ...
 [169 169 168 ... 130 131 133]
 [169 169 169 ... 103 105 105]
 [169 169 169 ... 104 102 101]][[131 130 130 ... 130 131 131]
 [131 130 130 ... 131 132 132]
 [131 131 132 ... 133 132 133]
 ...
 [169 169 169 ... 129 131 135]
 [169 169 169 ... 105 108 108]
 [168 168 169 ... 105 104 103]][[132 131 131 ... 132 133 132]
 [133 132 132 ... 132 132 132]
 [133 133 133 ... 133 133 133]
 ...
 [169 169 169 ... 139 139 142]
 [168 168 169 ... 117 121 124]
 [168 168 168 ... 103 103 101]][[130 130 130 ... 129 131 132]
 [131 131 131 ... 130 131 132]
 [132 133 133 ... 133 133 133]
 ...
 [169 169 168 ... 141 142 143]
 [169 169 169 ... 125 129 132]
 [168 169 168 ... 107 108 108]][[131 131 131 ... 131 132 133]
 [132 132 131 ... 131 132 133]
 [133 133 133 ... 132 132 133]
 ...
 [169 169 169 ... 143 146 146]
 [169 169 169 ... 109 113 117]
 [169 169 168 ... 101 101  98]][[130 130 129 ... 132 132 130]
 [130 130 131 ... 133 132 132]
 [130 132 133 ... 135 135 135]
 ...
 [169 169 169 ... 126 134 139]
 [169 169 169 ... 105 104 103]
 [169 169 169 ... 103  98  98]][[132 131 131 ... 132 133 133]
 [131 131 131 ... 132 133 133]
 [131 132 132 ... 135 135 133]
 ...
 [173 172 169 ... 135 137 138]
 [171 169 168 ... 106 105 110]
 [168 168 167 ... 102 101 101]][[132 132 132 ... 130 130 132]
 [131 131 131 ... 130 130 131]
 [131 131 130 ... 133 133 133]
 ...
 [169 169 169 ... 138 139 142]
 [168 169 169 ... 119 122 124]
 [167 167 168 ... 103 102 104]][[131 131 130 ... 133 133 133]
 [130 131 130 ... 133 133 133]
 [131 132 132 ... 135 135 133]
 ...
 [168 168 168 ... 139 142 143]
 [168 168 168 ... 122 131 139]
 [167 168 168 ... 104 104 104]][[131 131 130 ... 132 133 132]
 [132 132 131 ... 133 133 133]
 [133 132 132 ... 134 134 132]
 ...
 [169 169 169 ... 139 142 144]
 [168 168 168 ... 107 110 112]
 [167 167 167 ... 105 104 103]][[129 129 129 ... 130 133 132]
 [130 130 130 ... 132 133 133]
 [131 132 131 ... 135 133 133]
 ...
 [171 169 168 ... 129 130 135]
 [169 169 169 ... 104 107 104]
 [169 169 169 ... 107 104 104]][[131 131 131 ... 132 133 132]
 [132 132 131 ... 132 133 132]
 [132 133 133 ... 135 133 132]
 ...
 [171 171 169 ... 136 139 142]
 [169 169 169 ... 107 108 111]
 [168 169 169 ... 102 100  97]][[130 131 131 ... 131 131 131]
 [131 131 131 ... 132 131 131]
 [132 132 132 ... 133 133 133]
 ...
 [171 169 169 ... 140 143 144]
 [169 169 169 ... 123 128 130]
 [168 169 169 ... 103 100 103]][[130 130 130 ... 131 133 132]
 [130 131 131 ... 132 132 132]
 [131 132 133 ... 133 133 132]
 ...
 [171 169 168 ... 139 142 144]
 [171 169 168 ... 119 123 128]
 [168 168 167 ... 104 107 105]][[130 129 128 ... 131 132 131]
 [130 129 128 ... 132 132 133]
 [131 131 131 ... 132 133 133]
 ...
 [169 169 169 ... 130 136 140]
 [167 168 169 ... 110 109 111]
 [167 168 168 ... 104 102 102]][[130 131 131 ... 132 132 132]
 [131 131 131 ... 132 132 132]
 [132 133 132 ... 132 132 132]
 ...
 [169 169 171 ... 125 129 133]
 [169 169 169 ... 105 106 102]
 [168 169 169 ... 105 101 101]][[130 131 131 ... 132 132 131]
 [131 131 131 ... 132 133 132]
 [131 132 132 ... 133 133 133]
 ...
 [169 171 171 ... 137 137 139]
 [169 169 169 ... 108 114 116]
 [168 168 168 ... 101 101  99]][[131 130 130 ... 132 135 135]
 [131 131 132 ... 133 135 135]
 [132 132 132 ... 132 133 133]
 ...
 [169 169 169 ... 140 142 143]
 [169 169 169 ... 122 129 135]
 [168 168 168 ...  97 100 103]][[130 130 130 ... 131 131 130]
 [131 131 130 ... 132 132 132]
 [132 131 130 ... 135 133 133]
 ...
 [169 168 168 ... 140 139 142]
 [169 168 168 ... 117 117 119]
 [168 168 168 ... 103 103 101]][[131 132 131 ... 131 132 132]
 [132 132 132 ... 132 132 132]
 [133 133 133 ... 133 133 133]
 ...
 [171 169 168 ... 130 132 137]
 [168 168 168 ... 109 109 109]
 [168 168 168 ... 103 104 103]][[128 130 130 ... 131 130 130]
 [130 130 130 ... 132 131 131]
 [133 132 132 ... 133 133 133]
 ...
 [171 171 171 ... 129 132 136]
 [169 169 169 ... 105 103 105]
 [169 169 168 ... 102  98  97]][[131 130 130 ... 132 133 135]
 [132 131 130 ... 133 133 133]
 [135 132 132 ... 135 133 135]
 ...
 [171 171 169 ... 139 142 142]
 [169 169 169 ... 110 116 119]
 [169 169 169 ... 101 100 101]][[131 131 131 ... 132 132 133]
 [132 132 131 ... 133 133 133]
 [133 133 132 ... 135 135 135]
 ...
 [169 168 168 ... 140 142 143]
 [168 168 168 ... 119 123 128]
 [169 169 168 ... 104 105 105]][[132 133 132 ... 131 133 135]
 [133 133 133 ... 132 133 133]
 [133 133 133 ... 135 135 133]
 ...
 [171 169 169 ... 138 138 140]
 [169 169 169 ... 114 118 125]
 [169 169 169 ... 102 103 102]][[128 131 131 ... 131 131 132]
 [130 132 131 ... 132 131 131]
 [133 133 132 ... 133 132 132]
 ...
 [171 171 171 ... 136 138 142]
 [169 171 171 ... 102 102 102]
 [168 168 169 ... 102 101 101]][[131 131 131 ... 131 131 132]
 [132 131 130 ... 131 131 131]
 [131 131 132 ... 132 132 132]
 ...
 [169 169 169 ... 133 137 140]
 [168 169 168 ... 104 105 107]
 [168 168 167 ... 104 102 102]][[130 128 126 ... 131 131 131]
 [131 130 129 ... 131 131 131]
 [132 132 132 ... 132 132 132]
 ...
 [169 169 168 ... 141 140 142]
 [169 168 168 ... 117 118 122]
 [168 167 166 ... 103 103 102]][[131 130 130 ... 132 132 132]
 [131 131 131 ... 132 132 132]
 [133 132 132 ... 133 133 135]
 ...
 [169 169 169 ... 138 141 144]
 [169 169 169 ... 121 126 128]
 [169 169 169 ... 102 100  98]][[131 131 131 ... 132 132 132]
 [131 131 131 ... 132 132 132]
 [132 132 132 ... 133 132 131]
 ...
 [169 168 169 ... 139 144 142]
 [169 168 168 ... 105 111 118]
 [168 168 168 ... 102 103 104]][[131 132 133 ... 131 131 132]
 [131 132 132 ... 131 131 132]
 [131 131 132 ... 132 132 133]
 ...
 [171 169 169 ... 127 131 137]
 [169 169 169 ... 104 105 103]
 [169 169 168 ... 102 101 100]][[129 130 129 ... 131 131 132]
 [131 132 132 ... 131 131 133]
 [133 133 133 ... 132 133 135]
 ...
 [169 169 169 ... 137 139 142]
 [168 168 168 ... 109 108 112]
 [167 168 168 ... 108 104 104]]